FoamFile
{
    version     2.0;
    format      ascii;
    class       labelList;
    location    "constant/polyMesh";
    object      neighbour;
}

7949      
(
 1 7 10 11 13 15 16 18 24 28
 29 30 31 33 36 38 40 42 43 44
 46 47 49 51 52 54 56 58 60 62
 70 74 75 77 78 81 83 84 88 90
 91 92 94 96 98 99 100 102 104 106
 108 109 110 111 112 113 115 117 119 120
 122 126 128 128 132 136 142 143 143 144
 160 164 166 168 170 170 172 174 174 176
 178 180 182 183 184 186 189 191 193 194
 195 196 197 197 198 198 200 200 200 202
 204 206 207 209 210 211 212 216 217 219
 220 221 223 223 226 226 228 230 232 234
 235 239 241 242 246 249 250 251 253 256
 256 257 260 261 262 264 266 266 268 269
 273 274 275 275 278 280 281 282 282 284
 285 286 287 289 289 290 291 293 294 296
 297 298 299 301 303 304 306 306 306 308
 309 310 310 311 311 313 314 315 315 316
 320 323 324 324 331 332 333 333 334 334
 339 340 344 359 360 362 364 366 368 369
 371 373 374 375 378 380 380 380 381 382
 383 385 386 386 386 387 389 390 392 394
 396 398 400 403 405 407 409 411 413 414
 415 416 418 419 422 422 424 425 427 429
 430 432 434 435 436 437 437 437 439 440
 442 444 444 446 448 450 451 452 453 454
 455 455 457 458 458 462 462 464 465 465
 467 469 470 471 472 473 473 473 474 476
 478 479 480 480 481 482 483 484 484 485
 486 486 486 487 487 489 489 490 491 491
 492 492 493 495 495 497 498 498 499 501
 502 504 507 508 509 509 510 510 512 513
 516 516 517 518 519 521 523 525 526 527
 529 530 532 532 533 534 536 536 537 538
 538 539 540 540 542 542 543 544 544 545
 545 546 548 548 549 550 552 552 553 553
 555 556 558 559 560 560 561 562 562 562
 563 565 565 566 567 568 568 569 570 570
 570 571 572 573 576 577 577 579 580 581
 582 583 584 585 587 588 589 590 591 591
 592 593 595 595 597 598 598 599 599 600
 600 601 601 602 603 604 605 606 606 607
 608 608 609 610 611 614 614 615 615 616
 617 617 619 621 622 623 624 625 626 627
 628 628 629 629 630 630 632 633 634 634
 638 639 639 641 643 644 645 646 647 648
 649 650 650 651 653 653 655 656 657 658
 659 659 661 661 663 663 665 667 667 669
 669 670 670 671 672 673 674 675 676 677
 678 679 679 680 680 681 681 681 682 683
 684 684 688 689 689 690 690 691 692 693
 693 694 697 698 699 699 700 700 701 701
 702 703 703 705 707 708 710 710 711 711
 712 713 714 716 718 718 719 719 721 722
 722 723 723 723 724 724 725 725 725 726
 727 728 729 731 733 734 734 735 735 737
 738 739 740 741 742 743 743 743 744 744
 745 745 746 746 746 747 747 748 749 749
 750 751 751 752 752 752 753 754 754 755
 755 756 757 757 759 759 760 760 761 762
 763 763 764 765 765 766 766 767 767 768
 769 771 772 773 775 775 776 778 780 781
 781 782 782 783 783 784 785 785 785 786
 788 788 789 790 791 792 792 792 793 794
 794 794 795 796 797 798 799 799 800 800
 802 802 803 804 805 806 806 807 807 808
 809 809 810 811 813 813 813 815 815 816
 817 817 819 820 821 821 821 822 822 823
 824 824 824 826 826 827 828 828 830 831
 832 833 834 834 835 835 836 837 838 838
 839 839 841 841 842 843 843 843 844 844
 844 845 845 845 846 846 846 847 847 848
 848 849 849 850 851 851 851 852 852 853
 853 855 855 855 856 857 858 858 859 860
 861 861 861 862 862 863 864 864 864 865
 866 866 868 868 868 869 869 869 872 874
 876 877 877 877 878 878 879 879 880 880
 882 883 883 884 884 884 885 885 886 886
 888 889 891 892 893 893 894 894 894 895
 895 896 896 897 897 898 898 899 899 899
 900 902 902 903 903 904 906 907 907 909
 911 911 912 913 914 914 915 915 916 916
 916 917 918 919 919 920 921 921 921 925
 926 926 928 928 929 930 932 932 933 934
 934 935 936 937 938 938 939 940 941 941
 942 943 944 944 945 945 945 946 947 947
 948 949 949 949 950 951 951 953 955 955
 957 958 959 959 960 961 961 961 962 962
 963 963 964 964 965 965 966 966 967 967
 968 969 969 970 971 972 973 973 974 974
 974 975 975 975 976 976 977 977 977 978
 978 978 979 979 980 980 981 982 982 983
 983 983 984 984 984 986 987 988 988 988
 989 989 990 990 991 992 993 994 994 995
 995 995 996 997 997 997 998 1000 1001 1003
 1004 1004 1005 1006 1006 1008 1008 1009 1009 1010
 1011 1012 1012 1013 1013 1014 1014 1015 1015 1015
 1017 1019 1020 1021 1021 1022 1022 1023 1023 1024
 1024 1025 1025 1026 1027 1028 1028 1029 1030 1030
 1031 1031 1032 1032 1033 1034 1034 1035 1035 1035
 1036 1036 1037 1038 1039 1040 1042 1042 1043 1043
 1044 1045 1045 1046 1047 1047 1047 1048 1048 1049
 1050 1050 1051 1051 1051 1052 1053 1053 1054 1054
 1054 1056 1056 1057 1057 1057 1058 1058 1058 1059
 1059 1060 1060 1061 1061 1063 1064 1065 1066 1066
 1067 1067 1068 1068 1069 1070 1071 1071 1071 1072
 1073 1073 1074 1075 1075 1076 1076 1076 1078 1079
 1079 1081 1081 1083 1083 1083 1085 1085 1085 1086
 1087 1087 1088 1088 1088 1089 1089 1090 1090 1091
 1091 1091 1092 1092 1093 1093 1094 1094 1094 1095
 1095 1096 1096 1097 1098 1098 1099 1099 1100 1101
 1101 1101 1102 1103 1104 1104 1106 1106 1106 1107
 1107 1108 1108 1108 1109 1110 1111 1111 1112 1112
 1113 1113 1114 1114 1116 1116 1116 1117 1118 1118
 1119 1119 1120 1120 1121 1122 1122 1123 1123 1123
 1124 1124 1125 1125 1126 1127 1127 1128 1128 1129
 1129 1130 1130 1131 1132 1132 1132 1133 1134 1135
 1137 1138 1138 1139 1139 1139 1140 1141 1142 1143
 1143 1144 1144 1145 1146 1146 1147 1147 1147 1148
 1149 1151 1151 1152 1152 1153 1154 1155 1157 1158
 1158 1159 1160 1160 1162 1162 1163 1163 1165 1165
 1166 1166 1167 1167 1167 1168 1168 1168 1169 1170
 1170 1170 1171 1171 1171 1172 1172 1172 1173 1173
 1174 1175 1175 1175 1176 1176 1176 1177 1177 1178
 1178 1179 1179 1180 1180 1183 1183 1184 1185 1185
 1191 1193 1195 1195 1195 1198 1199 1200 1201 1201
 1202 1202 1203 1204 1205 1208 1213 1215 1217 1217
 1218 1218 1220 1222 1223 1224 1225 1226 1228 1229
 1230 1232 1233 1235 1237 1239 1240 1242 1244 1245
 1246 1248 1249 1250 1252 1254 1255 1263 1264 1264
 1264 1266 1267 1268 1268 1269 1270 1273 1273 1274
 1274 1275 1276 1280 1282 1284 1286 1288 1290 1292
 1296 1299 1300 1302 1304 1307 1309 1310 1311 1311
 1313 1314 1315 1315 1316 1317 1317 1318 1320 1321
 1321 1329 1338 1364 1366 1367 1367 1369 1369 1371
 1372 1373 1373 1374 1375 1375 1376 1376 1376 1378
 1379 1379 1380 1380 1381 1382 1383 1384 1384 1386
 1387 1387 1388 1390 1391 1392 1394 1395 1397 1400
 1402 1404 1405 1407 1409 1411 1413 1415 1417 1418
 1419 1421 1422 1424 1426 1430 1435 1437 1438 1440
 1442 1444 1446 1448 1450 1452 1454 1456 1460 1462
 1466 1468 1470 1473 1474 1474 1475 1476 1476 1477
 1478 1479 1480 1481 1483 1484 1486 1487 1488 1490
 1491 1493 1493 1493 1494 1494 1494 1495 1495 1495
 1496 1496 1496 1497 1498 1499 1501 1501 1502 1504
 1504 1505 1508 1513 1516 1526 1533 1537 1538 1540
 1541 1543 1544 1550 1554 1556 1558 1562 1563 1575
 1578 1580 1582 1587 1590 1602 1606 1607 1608 1609
 1609 1609 1611 1612 1614 1617 1618 1619 1621 1622
 1625 1626 1627 1627 1627 1628 1629 1629 1630 1630
 1630 1631 1631 1632 1632 1632 1634 1634 1634 1635
 1635 1635 1636 1636 1637 1638 1638 1638 1641 1641
 1642 1642 1642 1643 1643 1644 1645 1647 1647 1647
 1648 1648 1648 1651 1651 1652 1652 1653 1653 1653
 1654 1655 1655 1656 1656 1656 1657 1658 1658 1660
 1661 1661 1661 1663 1664 1666 1667 1667 1668 1668
 1669 1669 1669 1670 1670 1671 1671 1671 1672 1672
 1673 1673 1674 1674 1675 1675 1676 1676 1677 1677
 1678 1678 1678 1679 1680 1680 1681 1683 1685 1686
 1686 1687 1687 1687 1688 1688 1688 1689 1689 1690
 1691 1691 1692 1694 1694 1695 1695 1696 1697 1698
 1699 1699 1700 1700 1701 1701 1702 1702 1703 1703
 1705 1705 1706 1706 1706 1707 1708 1709 1710 1711
 1712 1712 1713 1714 1715 1715 1716 1717 1717 1718
 1719 1719 1719 1720 1720 1720 1721 1721 1722 1722
 1722 1723 1723 1723 1724 1724 1724 1725 1726 1726
 1729 1729 1729 1730 1730 1731 1731 1732 1732 1733
 1733 1733 1734 1734 1734 1735 1736 1736 1737 1738
 1739 1739 1740 1740 1740 1741 1742 1742 1742 1743
 1744 1744 1745 1745 1746 1746 1746 1747 1747 1747
 1748 1748 1749 1749 1750 1750 1750 1751 1751 1751
 1752 1752 1753 1753 1754 1754 1754 1755 1755 1755
 1756 1756 1757 1757 1757 1758 1758 1758 1759 1759
 1759 1760 1760 1760 1761 1762 1763 1763 1765 1765
 1766 1766 1767 1767 1767 1768 1768 1768 1769 1769
 1770 1771 1771 1771 1772 1772 1772 1773 1774 1774
 1774 1775 1776 1776 1776 1777 1777 1779 1779 1781
 1781 1781 1782 1782 1782 1783 1783 1783 1784 1784
 1784 1785 1786 1787 1787 1787 1788 1789 1790 1790
 1792 1793 1794 1794 1794 1796 1796 1796 1797 1797
 1798 1798 1799 1799 1800 1800 1801 1801 1802 1803
 1803 1804 1805 1805 1806 1806 1806 1807 1808 1808
 1809 1809 1809 1810 1810 1812 1813 1813 1813 1814
 1814 1814 1815 1815 1815 1816 1816 1818 1818 1819
 1819 1820 1820 1821 1821 1821 1822 1822 1823 1823
 1824 1824 1824 1826 1826 1827 1828 1829 1830 1830
 1833 1833 1834 1835 1836 1837 1837 1838 1838 1838
 1839 1840 1840 1841 1843 1843 1843 1844 1845 1845
 1846 1846 1847 1847 1847 1848 1848 1848 1849 1850
 1850 1850 1851 1852 1853 1853 1854 1855 1855 1856
 1856 1858 1858 1859 1861 1862 1862 1863 1863 1864
 1864 1864 1865 1865 1865 1866 1866 1867 1867 1867
 1869 1872 1872 1873 1873 1873 1874 1874 1875 1875
 1876 1877 1877 1877 1878 1878 1879 1879 1880 1881
 1881 1882 1884 1884 1884 1885 1885 1885 1887 1888
 1888 1888 1889 1889 1889 1890 1890 1891 1891 1892
 1893 1894 1894 1894 1895 1895 1896 1896 1897 1897
 1899 1900 1901 1901 1902 1904 1904 1904 1905 1905
 1907 1908 1908 1909 1909 1910 1910 1910 1911 1912
 1912 1913 1913 1915 1915 1916 1917 1917 1918 1918
 1919 1920 1920 1920 1921 1921 1921 1922 1923 1923
 1924 1925 1926 1926 1927 1927 1927 1928 1928 1932
 1933 1933 1933 1934 1935 1936 1937 1937 1938 1939
 1939 1940 1940 1941 1941 1941 1942 1943 1943 1944
 1944 1945 1947 1948 1949 1949 1949 1950 1950 1951
 1951 1951 1955 1955 1957 1957 1958 1958 1960 1961
 1962 1964 1964 1965 1965 1965 1966 1966 1967 1968
 1968 1969 1969 1970 1970 1970 1971 1971 1973 1974
 1976 1976 1977 1977 1978 1980 1981 1982 1982 1983
 1984 1985 1985 1986 1986 1987 1988 1988 1988 1989
 1989 1990 1991 1991 1992 1992 1992 1993 1994 1995
 1995 1996 1996 1997 1999 1999 2002 2003 2003 2004
 2004 2005 2007 2007 2008 2009 2009 2010 2010 2010
 2011 2011 2012 2012 2013 2013 2013 2014 2014 2015
 2016 2017 2018 2018 2020 2020 2022 2022 2022 2023
 2023 2024 2024 2026 2026 2026 2027 2028 2028 2029
 2029 2030 2030 2030 2032 2033 2033 2034 2034 2035
 2035 2035 2036 2036 2037 2038 2038 2039 2039 2040
 2040 2041 2043 2043 2045 2047 2048 2048 2048 2049
 2049 2049 2050 2050 2051 2051 2052 2053 2054 2054
 2055 2055 2056 2057 2057 2058 2058 2059 2060 2062
 2062 2063 2063 2063 2064 2065 2065 2066 2068 2068
 2070 2070 2070 2071 2072 2073 2073 2074 2074 2077
 2077 2077 2078 2078 2078 2079 2079 2080 2082 2082
 2084 2084 2084 2085 2085 2085 2086 2086 2086 2087
 2088 2088 2088 2089 2089 2089 2091 2092 2094 2097
 2097 2097 2098 2098 2099 2100 2100 2100 2101 2101
 2102 2102 2103 2103 2104 2104 2104 2106 2107 2107
 2107 2108 2109 2109 2110 2111 2112 2112 2114 2114
 2115 2115 2116 2116 2118 2118 2119 2119 2120 2120
 2120 2121 2121 2121 2123 2123 2123 2124 2124 2125
 2127 2129 2129 2130 2132 2133 2134 2135 2135 2136
 2136 2137 2138 2138 2138 2139 2140 2140 2140 2141
 2142 2143 2143 2145 2145 2146 2146 2146 2147 2147
 2148 2148 2148 2149 2150 2150 2150 2151 2152 2154
 2154 2154 2155 2156 2156 2156 2157 2158 2158 2161
 2161 2161 2163 2165 2166 2166 2167 2167 2168 2168
 2169 2169 2169 2170 2170 2171 2172 2172 2173 2175
 2175 2177 2178 2178 2178 2179 2179 2179 2180 2180
 2181 2181 2182 2182 2182 2183 2183 2184 2184 2185
 2187 2188 2188 2188 2189 2189 2190 2192 2192 2192
 2193 2193 2194 2195 2195 2197 2197 2199 2199 2200
 2201 2201 2202 2202 2203 2203 2206 2206 2207 2207
 2209 2210 2211 2211 2212 2213 2214 2214 2214 2215
 2216 2216 2216 2218 2218 2218 2219 2219 2220 2220
 2220 2224 2226 2227 2227 2227 2228 2228 2229 2229
 2230 2230 2231 2233 2233 2233 2234 2234 2234 2236
 2238 2238 2240 2240 2241 2241 2242 2242 2243 2245
 2245 2245 2246 2246 2247 2248 2249 2249 2250 2250
 2251 2251 2251 2252 2252 2253 2253 2253 2255 2256
 2256 2256 2259 2259 2259 2261 2261 2262 2264 2265
 2265 2267 2267 2267 2268 2269 2269 2269 2270 2270
 2270 2271 2272 2273 2273 2274 2275 2275 2275 2276
 2277 2277 2278 2278 2278 2279 2280 2280 2281 2281
 2282 2283 2283 2283 2285 2285 2286 2287 2290 2290
 2291 2291 2292 2293 2294 2294 2294 2295 2296 2296
 2297 2299 2299 2300 2300 2300 2301 2302 2303 2303
 2303 2304 2305 2305 2305 2306 2307 2307 2307 2311
 2313 2315 2316 2316 2316 2317 2317 2317 2319 2319
 2320 2320 2320 2321 2324 2325 2325 2327 2328 2329
 2331 2331 2333 2334 2334 2335 2335 2336 2337 2338
 2338 2338 2339 2339 2339 2340 2340 2340 2341 2341
 2341 2342 2342 2343 2343 2344 2346 2346 2347 2350
 2352 2352 2353 2353 2354 2355 2355 2356 2357 2357
 2359 2360 2360 2360 2361 2361 2362 2362 2363 2363
 2364 2364 2365 2365 2365 2366 2366 2366 2367 2367
 2368 2368 2368 2369 2369 2370 2372 2375 2376 2377
 2377 2377 2378 2378 2378 2379 2379 2380 2380 2380
 2381 2381 2382 2382 2382 2383 2383 2385 2386 2387
 2388 2388 2389 2389 2389 2390 2390 2393 2393 2394
 2395 2397 2397 2398 2398 2398 2399 2399 2400 2401
 2401 2401 2402 2402 2402 2404 2404 2405 2406 2406
 2406 2407 2408 2408 2409 2409 2410 2411 2411 2412
 2412 2412 2413 2413 2415 2417 2418 2418 2419 2419
 2420 2420 2421 2421 2422 2423 2423 2424 2424 2424
 2425 2426 2426 2427 2428 2428 2428 2430 2431 2432
 2433 2434 2435 2435 2436 2438 2438 2438 2439 2439
 2440 2440 2440 2441 2441 2441 2445 2447 2448 2448
 2449 2449 2453 2453 2454 2455 2455 2456 2456 2458
 2458 2458 2459 2459 2459 2460 2460 2461 2462 2462
 2462 2463 2465 2465 2465 2466 2467 2467 2468 2469
 2469 2470 2470 2470 2471 2472 2473 2473 2473 2474
 2474 2474 2477 2477 2478 2478 2479 2479 2480 2480
 2481 2481 2482 2482 2483 2483 2483 2484 2486 2487
 2488 2488 2488 2489 2489 2490 2490 2491 2492 2494
 2494 2495 2495 2496 2496 2496 2499 2499 2499 2500
 2500 2500 2501 2501 2503 2503 2503 2504 2506 2507
 2509 2509 2509 2510 2515 2517 2518 2518 2519 2519
 2520 2520 2520 2521 2521 2521 2522 2522 2526 2526
 2527 2527 2527 2528 2528 2530 2531 2532 2533 2533
 2536 2536 2536 2537 2538 2538 2538 2539 2540 2540
 2541 2541 2541 2542 2542 2543 2543 2545 2545 2546
 2546 2547 2547 2548 2548 2549 2549 2549 2550 2550
 2550 2551 2552 2553 2553 2553 2554 2555 2556 2557
 2558 2558 2559 2559 2560 2560 2561 2561 2564 2564
 2565 2565 2566 2566 2566 2567 2567 2567 2568 2568
 2569 2569 2570 2570 2571 2571 2571 2572 2572 2572
 2573 2575 2576 2576 2577 2577 2579 2580 2580 2581
 2581 2581 2582 2582 2582 2583 2583 2583 2589 2590
 2590 2591 2591 2592 2593 2594 2594 2596 2597 2597
 2599 2600 2602 2604 2604 2604 2605 2605 2605 2606
 2606 2606 2607 2608 2608 2608 2610 2611 2612 2613
 2613 2614 2614 2615 2615 2615 2616 2616 2616 2617
 2617 2617 2618 2618 2620 2620 2620 2621 2622 2622
 2622 2623 2624 2626 2626 2626 2627 2627 2628 2628
 2628 2630 2630 2630 2631 2631 2632 2632 2632 2633
 2636 2636 2637 2637 2637 2638 2639 2641 2641 2642
 2643 2643 2644 2644 2644 2645 2646 2646 2647 2647
 2647 2648 2648 2649 2649 2649 2650 2651 2651 2651
 2652 2653 2654 2655 2655 2656 2656 2656 2657 2657
 2657 2659 2661 2662 2663 2665 2666 2666 2667 2667
 2667 2668 2668 2669 2669 2669 2670 2670 2670 2671
 2671 2673 2674 2674 2675 2676 2676 2676 2677 2677
 2678 2678 2679 2679 2680 2680 2680 2681 2681 2682
 2683 2683 2683 2684 2684 2684 2686 2686 2687 2687
 2688 2688 2689 2689 2690 2690 2692 2693 2693 2694
 2694 2695 2695 2696 2698 2699 2701 2701 2702 2702
 2702 2704 2704 2705 2705 2705 2706 2706 2707 2709
 2709 2711 2711 2712 2713 2714 2714 2714 2715 2715
 2717 2717 2717 2718 2718 2719 2719 2720 2720 2720
 2721 2722 2722 2723 2724 2724 2725 2725 2725 2726
 2726 2727 2727 2727 2728 2728 2728 2729 2730 2730
 2731 2731 2732 2732 2732 2733 2733 2734 2735 2735
 2736 2737 2737 2738 2738 2739 2739 2741 2741 2741
 2742 2743 2743 2743 2744 2744 2745 2745 2745 2746
 2746 2747 2750 2750 2750 2752 2752 2753 2756 2756
 2757 2760 2761 2761 2761 2762 2762 2762 2763 2763
 2764 2764 2765 2765 2765 2766 2767 2768 2768 2768
 2769 2771 2771 2771 2773 2773 2776 2776 2777 2777
 2777 2780 2780 2780 2781 2781 2782 2782 2782 2783
 2783 2783 2785 2787 2788 2788 2788 2789 2789 2789
 2790 2790 2790 2791 2792 2793 2793 2794 2795 2795
 2796 2797 2798 2798 2799 2799 2801 2802 2802 2802
 2804 2805 2805 2806 2806 2807 2807 2807 2808 2808
 2808 2809 2809 2809 2810 2810 2811 2812 2814 2815
 2815 2815 2816 2817 2817 2818 2818 2819 2819 2819
 2820 2820 2821 2822 2822 2823 2823 2825 2827 2827
 2828 2828 2829 2829 2830 2831 2831 2831 2832 2832
 2832 2833 2833 2834 2835 2837 2837 2838 2838 2839
 2839 2840 2840 2840 2841 2841 2841 2842 2842 2842
 2843 2843 2844 2846 2847 2847 2848 2848 2848 2849
 2849 2849 2850 2851 2852 2853 2853 2853 2854 2854
 2854 2856 2856 2857 2857 2857 2858 2858 2858 2859
 2861 2862 2863 2863 2864 2864 2864 2865 2865 2867
 2867 2867 2868 2869 2870 2871 2871 2872 2873 2874
 2874 2876 2877 2878 2879 2879 2879 2880 2881 2884
 2885 2886 2886 2887 2887 2887 2888 2888 2888 2889
 2889 2890 2890 2891 2891 2892 2892 2892 2893 2893
 2894 2895 2895 2896 2897 2897 2898 2899 2899 2899
 2901 2902 2903 2904 2904 2905 2905 2906 2908 2908
 2908 2909 2909 2910 2910 2911 2912 2913 2913 2914
 2914 2914 2915 2915 2916 2917 2917 2917 2918 2918
 2919 2922 2922 2923 2923 2923 2924 2924 2924 2925
 2926 2927 2927 2927 2928 2928 2931 2931 2932 2932
 2932 2933 2933 2934 2936 2936 2938 2939 2939 2939
 2940 2940 2940 2941 2941 2942 2945 2945 2948 2948
 2949 2949 2949 2950 2951 2952 2952 2952 2953 2953
 2954 2954 2955 2955 2955 2956 2956 2956 2958 2959
 2960 2961 2961 2962 2962 2962 2963 2963 2964 2964
 2964 2965 2965 2966 2966 2967 2968 2968 2971 2971
 2971 2972 2972 2973 2973 2975 2975 2976 2978 2978
 2979 2979 2979 2980 2980 2980 2981 2982 2982 2983
 2984 2984 2985 2985 2986 2986 2986 2987 2989 2989
 2990 2990 2990 2991 2992 2992 2993 2993 2993 2994
 2994 2994 2995 2995 2996 2996 2996 2997 2997 2998
 2998 2998 2999 2999 2999 3001 3002 3002 3002 3003
 3003 3005 3006 3007 3010 3012 3013 3013 3014 3014
 3015 3015 3015 3016 3016 3016 3017 3017 3018 3018
 3019 3019 3020 3022 3022 3022 3023 3023 3023 3025
 3025 3026 3028 3028 3029 3030 3030 3031 3033 3034
 3035 3035 3035 3036 3036 3036 3037 3037 3038 3038
 3038 3040 3041 3041 3042 3045 3045 3046 3047 3047
 3047 3048 3048 3049 3051 3051 3052 3053 3053 3053
 3054 3054 3056 3057 3057 3060 3060 3060 3061 3061
 3061 3062 3062 3064 3064 3064 3065 3065 3065 3066
 3066 3067 3067 3067 3068 3068 3068 3069 3069 3069
 3070 3070 3071 3072 3072 3073 3073 3075 3075 3077
 3077 3079 3079 3080 3080 3080 3081 3081 3082 3082
 3082 3083 3083 3084 3085 3086 3088 3089 3093 3093
 3094 3094 3094 3095 3095 3096 3096 3096 3097 3097
 3098 3099 3099 3099 3100 3101 3102 3103 3104 3105
 3105 3106 3106 3107 3107 3107 3108 3108 3108 3109
 3109 3109 3110 3110 3110 3111 3111 3111 3114 3115
 3117 3118 3118 3119 3119 3120 3121 3122 3122 3123
 3123 3123 3124 3124 3125 3125 3125 3126 3126 3126
 3127 3127 3127 3128 3129 3131 3131 3132 3132 3132
 3133 3134 3135 3136 3137 3137 3138 3138 3138 3139
 3139 3139 3140 3140 3140 3141 3141 3141 3142 3142
 3143 3143 3143 3145 3147 3147 3148 3148 3148 3149
 3150 3151 3153 3153 3153 3154 3154 3154 3155 3155
 3158 3158 3158 3159 3160 3163 3163 3163 3164 3164
 3164 3165 3165 3166 3166 3166 3167 3167 3167 3169
 3170 3171 3172 3172 3172 3173 3173 3176 3176 3176
 3178 3179 3182 3182 3182 3183 3183 3183 3184 3184
 3184 3185 3185 3186 3186 3186 3187 3187 3187 3188
 3188 3189 3189 3189 3190 3191 3191 3192 3192 3193
 3193 3193 3194 3194 3194 3195 3198 3198 3203 3203
 3204 3204 3205 3205 3205 3206 3206 3206 3207 3209
 3213 3213 3213 3214 3214 3214 3215 3215 3216 3216
 3216 3217 3217 3217 3218 3218 3218 3219 3219 3219
 3222 3224 3224 3225 3226 3227 3227 3227 3228 3228
 3228 3229 3230 3231 3231 3231 3232 3236 3237 3237
 3239 3239 3239 3240 3241 3242 3244 3245 3246 3246
 3247 3247 3248 3248 3249 3250 3251 3251 3252 3252
 3253 3254 3254 3255 3256 3256 3257 3258 3259 3260
 3262 3264 3264 3264 3266 3266 3267 3268 3268 3269
 3270 3270 3270 3271 3271 3271 3272 3273 3273 3276
 3277 3279 3281 3281 3282 3282 3282 3283 3283 3285
 3285 3287 3287 3290 3290 3291 3292 3292 3292 3293
 3293 3294 3295 3295 3295 3297 3300 3300 3300 3301
 3301 3301 3302 3302 3303 3303 3304 3306 3306 3306
 3307 3307 3308 3308 3309 3309 3309 3310 3311 3312
 3314 3314 3316 3318 3318 3319 3319 3319 3320 3320
 3320 3321 3321 3321 3322 3322 3322 3323 3323 3323
 3324 3324 3325 3325 3325 3326 3326 3326 3327 3327
 3328 3328 3328 3329 3329 3329 3330 3331 3332 3333
 3334 3334 3334 3336 3336 3337 3337 3339 3339 3339
 3340 3340 3340 3341 3342 3342 3343 3343 3344 3345
 3345 3346 3347 3348 3348 3350 3351 3351 3351 3352
 3352 3353 3353 3354 3354 3355 3355 3356 3356 3356
 3357 3357 3358 3358 3359 3360 3360 3361 3361 3361
 3362 3364 3364 3365 3365 3365 3366 3366 3367 3368
 3368 3368 3369 3369 3371 3371 3371 3372 3372 3372
 3373 3375 3377 3377 3377 3378 3378 3379 3379 3379
 3380 3382 3382 3383 3383 3383 3384 3385 3385 3386
 3386 3387 3387 3388 3388 3389 3389 3389 3390 3390
 3390 3391 3391 3391 3392 3392 3392 3394 3396 3396
 3396 3397 3397 3397 3398 3398 3398 3399 3399 3399
 3400 3401 3402 3403 3403 3405 3407 3408 3408 3408
 3409 3409 3410 3410 3410 3411 3411 3411 3414 3414
 3415 3415 3416 3417 3417 3420 3422 3422 3423 3424
 3425 3426 3427 3427 3427 3428 3430 3430 3430 3431
 3431 3431 3432 3432 3433 3434 3434 3434 3435 3435
 3436 3437 3438 3438 3439 3440 3440 3440 3441 3441
 3441 3444 3445 3446 3446 3447 3447 3447 3448 3448
 3448 3449 3449 3449 3451 3451 3452 3452 3452 3453
 3454 3454 3454 3455 3458 3459 3459 3460 3460 3460
 3461 3461 3462 3463 3463 3463 3464 3464 3464 3465
 3466 3466 3467 3468 3468 3469 3469 3469 3470 3470
 3470 3471 3471 3471 3472 3472 3472 3473 3473 3474
 3474 3475 3475 3475 3476 3478 3478 3478 3479 3479
 3479 3480 3481 3484 3485 3485 3487 3488 3488 3489
 3490 3490 3491 3491 3493 3494 3494 3494 3495 3495
 3496 3496 3499 3499 3499 3501 3501 3501 3502 3502
 3503 3503 3503 3505 3506 3506 3507 3508 3510 3510
 3511 3511 3512 3512 3513 3513 3514 3515 3517 3517
 3518 3518 3518 3519 3519 3520 3520 3521 3521 3522
 3523 3523 3523 3524 3524 3525 3525 3525 3528 3528
 3529 3530 3531 3532 3532 3532 3533 3533 3533 3534
 3534 3535 3536 3539 3540 3541 3541 3542 3542 3542
 3543 3543 3543 3544 3544 3545 3546 3548 3548 3549
 3549 3549 3550 3554 3555 3555 3556 3556 3557 3557
 3557 3558 3559 3561 3562 3562 3563 3563 3563 3564
 3564 3565 3565 3566 3566 3566 3567 3568 3569 3569
 3570 3571 3572 3572 3572 3573 3573 3573 3574 3576
 3576 3576 3577 3577 3578 3578 3579 3579 3579 3580
 3580 3580 3581 3583 3583 3584 3585 3585 3585 3586
 3586 3586 3587 3587 3588 3589 3591 3592 3593 3594
 3594 3595 3595 3595 3596 3597 3597 3598 3599 3599
 3600 3600 3600 3601 3602 3602 3602 3603 3603 3603
 3604 3604 3604 3605 3605 3605 3606 3606 3607 3607
 3608 3610 3611 3612 3613 3614 3615 3615 3616 3616
 3616 3617 3617 3617 3618 3618 3619 3619 3620 3620
 3621 3622 3622 3623 3623 3623 3624 3624 3625 3625
 3625 3626 3626 3626 3628 3630 3631 3631 3631 3632
 3632 3633 3633 3633 3636 3636 3636 3637 3637 3638
 3640 3641 3641 3642 3643 3643 3643 3644 3644 3644
 3646 3647 3648 3649 3650 3651 3652 3652 3653 3653
 3654 3654 3655 3655 3655 3657 3657 3658 3660 3660
 3660 3661 3661 3661 3662 3662 3663 3663 3664 3664
 3664 3665 3665 3665 3666 3667 3668 3668 3669 3669
 3669 3670 3670 3670 3671 3671 3671 3672 3672 3672
 3673 3674 3674 3677 3678 3678 3683 3686 3686 3687
 3687 3691 3691 3692 3693 3694 3694 3695 3695 3696
 3697 3697 3697 3698 3698 3698 3699 3699 3699 3700
 3700 3703 3703 3703 3704 3704 3704 3710 3711 3713
 3714 3714 3715 3716 3716 3716 3717 3717 3718 3718
 3719 3719 3721 3722 3723 3723 3725 3725 3725 3726
 3726 3727 3727 3728 3728 3728 3729 3730 3731 3731
 3732 3732 3734 3734 3735 3735 3735 3738 3738 3738
 3739 3739 3739 3740 3740 3741 3741 3741 3742 3742
 3742 3744 3744 3744 3745 3746 3746 3746 3747 3748
 3749 3749 3750 3750 3751 3751 3752 3752 3752 3753
 3753 3754 3755 3755 3756 3756 3756 3757 3757 3758
 3758 3759 3759 3759 3761 3762 3762 3762 3763 3763
 3763 3764 3764 3765 3765 3765 3766 3767 3768 3769
 3769 3769 3770 3770 3770 3771 3773 3773 3774 3774
 3775 3775 3775 3776 3776 3777 3777 3777 3778 3778
 3778 3779 3780 3780 3780 3781 3783 3783 3785 3785
 3787 3787 3787 3788 3788 3789 3789 3789 3790 3790
 3791 3791 3793 3793 3794 3795 3796 3797 3798 3798
 3799 3799 3799 3800 3800 3801 3801 3801 3802 3802
 3806 3806 3808 3809 3809 3812 3812 3813 3813 3814
 3814 3815 3815 3815 3817 3817 3819 3820 3820 3820
 3821 3821 3821 3822 3822 3822 3823 3823 3823 3824
 3824 3824 3825 3825 3827 3827 3828 3830 3831 3832
 3835 3835 3835 3836 3837 3838 3838 3838 3839 3839
 3839 3840 3841 3842 3842 3842 3843 3843 3845 3846
 3846 3848 3849 3852 3852 3852 3853 3853 3853 3854
 3858 3859 3859 3862 3863 3863 3863 3864 3864 3865
 3866 3866 3866 3867 3867 3868 3868 3869 3869 3869
 3871 3871 3872 3872 3873 3873 3874 3874 3874 3875
 3875 3875 3876 3876 3876 3877 3877 3878 3878 3878
 3879 3879 3879 3882 3883 3883 3884 3885 3886 3886
 3886 3887 3887 3887 3888 3888 3888 3889 3892 3893
 3893 3893 3894 3894 3894 3895 3896 3896 3896 3897
 3897 3898 3898 3899 3899 3900 3900 3900 3901 3901
 3901 3902 3902 3903 3903 3904 3906 3907 3908 3911
 3912 3912 3912 3913 3913 3913 3914 3914 3915 3915
 3915 3916 3916 3917 3918 3921 3922 3922 3922 3923
 3923 3923 3924 3924 3925 3925 3926 3926 3928 3928
 3930 3931 3931 3932 3932 3932 3933 3934 3936 3936
 3937 3940 3940 3940 3941 3941 3942 3942 3943 3946
 3947 3947 3947 3948 3949 3949 3950 3950 3953 3955
 3955 3955 3956 3956 3956 3957 3958 3960 3960 3961
 3962 3965 3965 3965 3966 3968 3968 3969 3970 3970
 3970 3971 3971 3971 3973 3974 3974 3974 3975 3975
 3976 3976 3976 3977 3977 3977 3978 3979 3979 3980
 3980 3985 3986 3986 3987 3987 3988 3989 3989 3990
 3990 3991 3991 3992 3993 3993 3994 3994 3995 3995
 3995 3996 3997 3997 3997 3998 4000 4000 4000 4001
 4001 4002 4002 4003 4003 4003 4004 4004 4006 4006
 4007 4007 4007 4010 4011 4013 4013 4014 4014 4014
 4015 4015 4016 4017 4017 4018 4018 4020 4020 4020
 4021 4023 4023 4024 4025 4025 4025 4026 4026 4026
 4027 4027 4028 4029 4029 4029 4030 4031 4032 4033
 4033 4035 4036 4036 4036 4037 4037 4037 4038 4038
 4038 4039 4040 4040 4040 4041 4041 4042 4042 4043
 4043 4043 4044 4045 4045 4047 4047 4048 4049 4049
 4049 4050 4051 4052 4053 4053 4054 4055 4056 4057
 4058 4058 4059 4059 4060 4060 4061 4061 4061 4062
 4062 4062 4063 4063 4063 4064 4066 4067 4067 4068
 4068 4069 4070 4073 4073 4073 4074 4074 4075 4075
 4076 4076 4076 4077 4077 4077 4078 4079 4080 4080
 4081 4084 4089 4089 4090 4090 4090 4091 4092 4092
 4093 4093 4094 4094 4095 4095 4096 4097 4098 4098
 4098 4099 4099 4099 4100 4100 4100 4101 4101 4101
 4103 4103 4104 4104 4104 4105 4105 4105 4108 4108
 4108 4109 4109 4109 4111 4113 4113 4116 4116 4116
 4117 4117 4117 4119 4120 4120 4120 4121 4121 4122
 4123 4123 4124 4125 4126 4126 4127 4127 4128 4128
 4130 4130 4133 4134 4134 4134 4135 4135 4135 4137
 4138 4138 4139 4139 4139 4140 4140 4141 4146 4147
 4147 4147 4148 4148 4148 4149 4149 4149 4150 4151
 4151 4151 4152 4153 4153 4153 4154 4154 4154 4157
 4158 4159 4159 4159 4162 4162 4163 4163 4164 4164
 4165 4165 4166 4166 4166 4167 4167 4167 4168 4168
 4168 4169 4171 4172 4172 4172 4173 4173 4174 4174
 4174 4175 4175 4178 4178 4179 4179 4181 4181 4182
 4182 4184 4186 4186 4186 4187 4187 4188 4188 4188
 4189 4190 4192 4192 4194 4194 4194 4195 4195 4195
 4196 4196 4197 4197 4197 4198 4198 4198 4199 4200
 4200 4201 4201 4201 4202 4202 4203 4203 4203 4204
 4204 4205 4207 4209 4213 4213 4214 4215 4215 4216
 4216 4216 4217 4217 4218 4218 4219 4219 4220 4221
 4221 4221 4222 4222 4222 4223 4223 4224 4224 4224
 4225 4225 4226 4226 4226 4227 4227 4227 4228 4228
 4229 4229 4231 4233 4234 4236 4236 4239 4239 4239
 4241 4243 4243 4243 4244 4244 4244 4247 4247 4247
 4248 4248 4248 4251 4251 4251 4252 4252 4252 4253
 4253 4253 4254 4254 4255 4255 4255 4256 4256 4256
 4257 4257 4258 4258 4260 4261 4262 4262 4263 4263
 4263 4264 4264 4264 4265 4266 4267 4269 4269 4269
 4270 4271 4273 4273 4274 4274 4275 4276 4276 4276
 4277 4278 4278 4279 4279 4279 4280 4280 4280 4281
 4282 4282 4284 4284 4284 4285 4285 4285 4287 4291
 4291 4292 4292 4293 4293 4294 4294 4296 4297 4299
 4300 4302 4302 4302 4303 4303 4303 4304 4304 4305
 4305 4306 4306 4307 4307 4307 4308 4308 4309 4309
 4309 4310 4310 4310 4312 4313 4314 4314 4314 4315
 4316 4318 4318 4320 4320 4321 4321 4321 4322 4323
 4323 4324 4324 4325 4325 4325 4327 4327 4332 4333
 4334 4334 4334 4335 4335 4335 4336 4336 4336 4337
 4337 4339 4339 4339 4340 4341 4341 4341 4342 4342
 4342 4343 4343 4343 4344 4345 4346 4348 4348 4348
 4349 4349 4349 4350 4350 4351 4351 4353 4354 4356
 4356 4356 4357 4357 4357 4358 4359 4359 4360 4360
 4360 4361 4361 4361 4362 4362 4362 4363 4363 4363
 4364 4365 4365 4366 4366 4366 4367 4367 4367 4368
 4368 4368 4369 4369 4369 4370 4370 4371 4371 4372
 4373 4373 4373 4374 4374 4374 4375 4375 4376 4377
 4379 4380 4381 4382 4383 4384 4384 4384 4385 4385
 4386 4386 4386 4387 4388 4388 4389 4389 4390 4390
 4391 4391 4392 4392 4392 4393 4393 4393 4394 4394
 4394 4395 4395 4395 4396 4396 4396 4397 4397 4398
 4399 4400 4400 4400 4401 4402 4403 4404 4404 4405
 4405 4405 4406 4407 4408 4408 4409 4410 4411 4411
 4412 4413 4413 4414 4415 4415 4416 4416 4417 4418
 4419 4419 4419 4420 4420 4420 4421 4421 4421 4422
 4422 4422 4423 4423 4424 4424 4426 4426 4427 4427
 4427 4428 4428 4429 4429 4430 4431 4431 4432 4433
 4433 4433 4434 4435 4435 4436 4436 4437 4437 4438
 4438 4438 4439 4439 4440 4440 4441 4441 4442 4442
 4442 4443 4443 4444 4444 4445 4445 4445 4446 4446
 4446 4447 4447 4448 4448 4448 4449 4452 4453 4453
 4454 4454 4454 4455 4455 4455 4456 4456 4456 4457
 4458 4459 4460 4460 4460 4461 4461 4461 4462 4462
 4462 4464 4464 4465 4465 4465 4466 4466 4468 4468
 4468 4469 4469 4470 4472 4472 4472 4473 4473 4474
 4474 4474 4475 4475 4476 4476 4477 4477 4477 4478
 4478 4478 4479 4479 4479 4480 4480 4480 4481 4481
 4482 4482 4482 4483 4483 4483 4484 4484 4485 4485
 4485 4486 4486 4486 4487 4487 4488 4488 4489 4490
 4490 4491 4491 4492 4492 4492 4493 4493 4493 4494
 4495 4496 4496 4497 4498 4498 4499 4500 4500 4501
 4502 4503 4503 4504 4504 4505 4505 4505 4506 4506
 4506 4507 4507 4507 4508 4509 4510 4510 4511 4511
 4511 4512 4512 4513 4513 4513 4514 4514 4515 4515
 4516 4516 4516 4517 4517 4517 4518 4518 4518 4519
 4519 4519 4520 4520 4520 4521 4521 4521 4522 4522
 4522 4523 4523 4523 4524 4524 4526 4527 4527 4527
 4528 4528 4528 4529 4529 4530 4530 4530 4531 4531
 4532 4532 4532 4533 4533 4533 4534 4534 4535 4536
 4536 4536 4537 4537 4537 4538 4538 4538 4539 4539
 4539 4540 4540 4540 4541 4541 4542 4542 4542 4543
 4543 4543 4544 4544 4544 4545 4545 4546 4546 4547
 4547 4548 4548 4548 4549 4549 4550 4550 4551 4551
 4551 4552 4553 4553 4554 4554 4555 4555 4556 4556
 4556 4557 4557 4557 4558 4558 4559 4559 4559 4560
 4560 4560 4561 4561 4561 4562 4562 4562 4563 4563
 4563 4564 4564 4565 4565 4565 4566 4567 4567 4568
 4568 4569 4569 4569 4570 4570 4570 4571 4571 4571
 4572 4572 4572 4573 4573 4574 4575 4575 4576 4577
 4578 4578 4579 4580 4581 4582 4582 4582 4583 4583
 4583 4584 4584 4584 4585 4585 4586 4586 4587 4587
 4587 4588 4589 4589 4590 4590 4590 4591 4591 4591
 4592 4592 4592 4593 4593 4593 4594 4595 4595 4595
 4596 4596 4596 4597 4597 4598 4598 4598 4599 4599
 4600 4600 4600 4601 4601 4601 4602 4602 4602 4603
 4603 4604 4604 4604 4605 4605 4605 4606 4606 4606
 4607 4607 4607 4608 4608 4608 4609 4609 4609 4610
 4610 4610 4611 4611 4611 4612 4612 4612 4613 4613
 4614 4614 4614 4615 4615 4615 4616 4617 4618 4618
 4618 4619 4619 4619 4620 4620 4620 4621 4621 4622
 4622 4622 4623 4623 4623 4624 4624 4625 4625 4625
 4626 4626 4626 4627 4627 4627 4630 4632 4633 4635
 4636 4636 4638 4639 4639 4640 4640 4640 4641 4641
 4642 4642 4642 4644 4652 4655 4655 4655 4656 4656
 4656 4657 4657 4658 4658 4658 4659 4659 4659 4660
 4660 4661 4664 4665 4668 4669 4671 4671 4671 4672
 4672 4672 4673 4674 4677 4678 4678 4678 4679 4679
 4680 4680 4682 4683 4683 4684 4684 4684 4685 4685
 4686 4688 4692 4692 4693 4693 4697 4698 4699 4700
 4701 4704 4704 4705 4705 4706 4706 4706 4707 4707
 4707 4708 4709 4709 4710 4710 4710 4711 4711 4711
 4712 4712 4712 4713 4714 4714 4715 4717 4717 4718
 4718 4720 4720 4721 4721 4721 4722 4722 4722 4723
 4723 4723 4724 4724 4724 4725 4725 4725 4726 4726
 4726 4728 4729 4733 4733 4734 4734 4734 4735 4735
 4735 4736 4736 4737 4738 4739 4740 4740 4740 4741
 4741 4742 4742 4743 4743 4744 4745 4745 4746 4748
 4748 4749 4749 4750 4751 4751 4751 4752 4752 4752
 4753 4754 4755 4755 4756 4756 4756 4758 4758 4759
 4760 4760 4760 4761 4761 4761 4762 4762 4762 4763
 4763 4763 4764 4765 4765 4765 4766 4766 4766 4767
 4767 4768 4769 4769 4770 4770 4773 4773 4773 4774
 4774 4775 4775 4776 4776 4776 4777 4777 4778 4778
 4778 4779 4780 4780 4780 4781 4782 4782 4783 4783
 4783 4785 4785 4786 4786 4787 4787 4787 4788 4788
 4788 4789 4789 4790 4791 4792 4792 4792 4794 4794
 4794 4795 4796 4796 4797 4797 4797 4798 4798 4798
 4799 4799 4799 4801 4801 4801 4802 4802 4802 4803
 4803 4803 4804 4804 4804 4805 4805 4806 4806 4806
 4807 4807 4808 4809 4810 4810 4811 4811 4811 4812
 4812 4812 4813 4813 4813 4814 4815 4815 4815 4816
 4816 4816 4817 4818 4818 4819 4820 4821 4821 4821
 4822 4822 4822 4823 4823 4823 4824 4824 4824 4825
 4825 4826 4826 4827 4827 4828 4828 4828 4829 4829
 4830 4830 4830 4831 4831 4831 4832 4832 4832 4833
 4833 4833 4834 4834 4834 4835 4835 4835 4836 4836
 4836 4837 4837 4837 4838 4838 4838 4839 4839 4839
 4840 4840 4840 4841 4841 4841 4842 4842 4842 4843
 4843 4843 4844 4844 4844 4845 4845 4845 4846 4846
 4847 4847 4847 4848 4848 4848 4849 4849 4850 4850
 4851 4851 4851 4852 4852 4853 4853 4854 4854 4854
 4855 4855 4855 4856 4856 4856 4857 4857 4857 4858
 4858 4859 4859 4860 4860 4860 4861 4861 4861 4862
 4862 4862 4863 4863 4863 4864 4864 4864 4865 4865
 4865 4866 4866 4866 4867 4867 4867 4868 4868 4868
 4869 4869 4870 4870 4870 4871 4871 4871 4872 4872
 4872 4873 4873 4873 4874 4874 4874 4875 4875 4875
 4876 4876 4877 4877 4877 4878 4878 4878 4879 4879
 4879 4880 4880 4880 4881 4881 4881 4882 4882 4882
 4883 4883 4883 4884 4884 4884 4885 4885 4885 4886
 4886 4886 4887 4887 4887 4888 4888 4888 4889 4889
 4889 4890 4890 4890 4891 4891 4891 4892 4892 4892
 4893 4893 4893 4894 4894 4894 4895 4895 4895 4896
 4896 4897 4897 4897 4898 4898 4898 4899 4899 4899
 4900 4900 4900 4901 4901 4901 4902 4902 4902 4903
 4903 4903 4904 4904 4904 4905 4905 4905 4906 4906
 4906 4907 4907 4907 4908 4908 4908 4909 4909 4909
 4910 4910 4910 4911 4911 4911 4912 4912 4912 4913
 4913 4913 4914 4914 4914 4915 4915 4915 4916 4916
 4916 4917 4917 4917 4918 4918 4918 4919 4919 4919
 4920 4920 4920 4921 4921 4921 4922 4922 4922 4923
 4923 4923 4924 4924 4924 4925 4925 4925 4926 4926
 4926 4927 4927 4927 4928 4928 4929 4930 4930 4931
 4931 4933 4933 4933 4934 4934 4934 4935 4936 4936
 4937 4937 4938 4938 4938 4939 4939 4940 4942 4942
 4942 4943 4943 4944 4944 4945 4945 4946 4947 4947
 4949 4949 4951 4952 4952 4952 4953 4953 4954 4955
 4955 4956 4956 4956 4957 4957 4957 4958 4958 4958
 4959 4960 4960 4962 4963 4963 4964 4964 4965 4965
 4965 4966 4966 4967 4968 4968 4968 4969 4970 4971
 4971 4971 4972 4972 4972 4973 4973 4973 4974 4974
 4975 4975 4975 4976 4976 4976 4977 4977 4977 4978
 4978 4979 4979 4979 4981 4981 4981 4982 4982 4983
 4984 4984 4984 4985 4985 4985 4986 4986 4986 4987
 4987 4988 4988 4988 4989 4989 4989 4990 4990 4990
 4991 4991 4991 4992 4992 4993 4994 4994 4994 4995
 4995 4996 4996 4996 4997 4997 4998 4999 4999 5000
 5000 5000 5001 5001 5001 5002 5002 5002 5003 5004
 5004 5004 5005 5005 5006 5006 5007 5007 5007 5008
 5009 5009 5009 5010 5010 5011 5011 5012 5012 5013
 5013 5014 5014 5014 5015 5016 5016 5016 5017 5017
 5017 5018 5018 5018 5019 5019 5020 5020 5020 5021
 5021 5021 5022 5022 5022 5023 5023 5024 5024 5024
 5025 5025 5026 5026 5026 5027 5027 5027 5028 5028
 5028 5029 5029 5029 5030 5030 5031 5031 5031 5032
 5032 5032 5033 5033 5034 5034 5034 5035 5035 5035
 5036 5036 5037 5037 5037 5038 5038 5038 5039 5039
 5040 5040 5040 5041 5041 5042 5042 5042 5043 5043
 5043 5044 5044 5045 5045 5045 5046 5046 5047 5047
 5047 5048 5048 5048 5049 5049 5049 5050 5050 5050
 5051 5051 5052 5052 5052 5054 5054 5055 5055 5056
 5056 5057 5057 5057 5058 5058 5058 5059 5059 5059
 5060 5060 5060 5061 5061 5061 5062 5062 5062 5063
 5063 5063 5064 5064 5065 5065 5065 5066 5066 5067
 5069 5069 5070 5071 5071 5071 5072 5072 5072 5073
 5073 5073 5074 5074 5075 5075 5076 5076 5076 5077
 5077 5077 5078 5078 5078 5079 5079 5080 5080 5080
 5081 5082 5082 5083 5083 5083 5084 5084 5084 5085
 5085 5085 5086 5086 5086 5088 5088 5089 5089 5089
 5090 5091 5091 5091 5092 5092 5092 5093 5093 5093
 5094 5094 5094 5095 5095 5095 5096 5096 5096 5097
 5097 5097 5098 5098 5098 5099 5099 5099 5100 5100
 5100 5101 5101 5102 5102 5103 5103 5104 5104 5104
 5105 5105 5105 5106 5106 5107 5107 5108 5108 5108
 5109 5109 5109 5110 5110 5110 5111 5111 5111 5112
 5112 5112 5113 5113 5113 5114 5114 5114 5115 5115
 5115 5116 5116 5116 5117 5117 5117 5118 5118 5118
 5119 5119 5119 5120 5120 5120 5121 5122 5122 5122
 5123 5123 5123 5124 5124 5124 5125 5125 5126 5126
 5126 5127 5127 5127 5128 5128 5128 5129 5129 5130
 5130 5130 5131 5131 5131 5132 5132 5132 5133 5133
 5133 5134 5134 5134 5135 5135 5135 5136 5136 5136
 5137 5137 5137 5138 5138 5138 5139 5139 5139 5140
 5140 5140 5141 5141 5141 5142 5142 5142 5143 5143
 5143 5144 5144 5144 5145 5145 5146 5146 5147 5147
 5148 5148 5148 5149 5149 5149 5150 5150 5151 5151
 5152 5152 5152 5153 5153 5153 5154 5154 5154 5155
 5155 5156 5156 5157 5157 5157 5158 5158 5158 5159
 5159 5160 5160 5161 5161 5161 5162 5162 5163 5163
 5163 5164 5164 5165 5165 5165 5166 5166 5166 5167
 5167 5168 5168 5168 5169 5169 5169 5170 5170 5171
 5171 5171 5172 5172 5173 5173 5173 5174 5174 5175
 5175 5175 5176 5176 5177 5177 5177 5178 5178 5179
 5179 5179 5180 5180 5181 5181 5181 5182 5182 5183
 5183 5183 5184 5184 5185 5185 5185 5186 5186 5187
 5187 5187 5188 5188 5189 5189 5189 5190 5190 5191
 5191 5191 5192 5192 5193 5193 5193 5194 5194 5195
 5195 5195 5196 5196 5197 5197 5198 5198 5198 5199
 5199 5200 5200 5200 5201 5201 5202 5202 5203 5203
 5203 5204 5204 5205 5205 5205 5206 5206 5206 5207
 5207 5208 5208 5209 5209 5209 5210 5210 5210 5211
 5211 5211 5212 5212 5212 5213 5213 5213 5214 5215
 5216 5216 5216 5217 5217 5217 5218 5218 5219 5219
 5219 5220 5220 5220 5221 5221 5222 5222 5222 5223
 5223 5223 5224 5224 5224 5225 5225 5225 5226 5226
 5226 5227 5227 5227 5228 5228 5228 5229 5229 5229
 5230 5230 5231 5231 5231 5232 5232 5233 5233 5233
 5234 5234 5235 5235 5235 5236 5236 5237 5237 5237
 5238 5238 5238 5239 5239 5240 5240 5240 5241 5241
 5242 5242 5243 5243 5243 5244 5244 5245 5245 5246
 5246 5246 5247 5247 5248 5248 5248 5249 5249 5249
 5250 5250 5250 5251 5252 5252 5252 5253 5253 5254
 5254 5254 5255 5255 5255 5256 5256 5257 5257 5257
 5258 5258 5259 5259 5259 5260 5260 5261 5261 5261
 5262 5262 5262 5263 5263 5263 5264 5264 5269 5269
 5271 5271 5271 5272 5273 5273 5273 5275 5275 5276
 5276 5277 5277 5278 5278 5278 5280 5281 5281 5282
 5283 5283 5284 5284 5285 5285 5286 5286 5287 5287
 5288 5288 5288 5289 5289 5289 5290 5290 5291 5291
 5292 5292 5292 5293 5293 5293 5294 5294 5295 5295
 5295 5296 5296 5296 5297 5297 5298 5298 5299 5299
 5299 5300 5300 5301 5301 5301 5302 5302 5303 5303
 5303 5304 5304 5305 5305 5305 5306 5306 5307 5307
 5307 5308 5308 5308 5309 5309 5310 5310 5310 5311
 5311 5311 5312 5313 5313 5314 5314 5315 5315 5315
 5316 5316 5316 5317 5318 5318 5319 5319 5320 5320
 5320 5321 5321 5321 5322 5323 5323 5324 5324 5324
 5325 5325 5326 5326 5326 5327 5327 5327 5328 5328
 5329 5329 5330 5330 5330 5331 5331 5331 5332 5332
 5332 5333 5333 5333 5334 5334 5335 5335 5335 5336
 5336 5337 5337 5337 5338 5338 5339 5339 5339
)
