FoamFile
{
    version     2.0;
    format      ascii;
    class       labelList;
    location    "constant/polyMesh";
    object      owner;
}

18751     
(
 0 6 9 10 12 14 15 17 3 27
 28 6 7 32 35 37 39 41 42 43
 45 46 48 50 51 53 55 57 59 61
 40 31 74 76 77 80 82 83 87 79
 88 91 93 95 97 14 16 101 103 105
 107 107 109 57 111 112 114 116 118 63
 119 125 21 22 45 135 41 68 13 69
 159 163 165 167 169 161 171 173 72 175
 177 179 181 182 181 185 188 190 192 193
 87 84 196 94 80 79 199 91 195 201
 203 205 206 208 209 210 211 215 216 218
 219 82 222 154 147 148 227 229 231 233
 234 238 240 241 245 248 18 39 252 255
 45 104 259 139 255 263 265 133 241 268
 272 273 137 138 277 279 51 281 113 283
 284 272 286 288 284 289 278 292 115 295
 1 297 298 300 302 300 305 123 0 307
 308 123 64 64 124 312 61 63 61 117
 19 20 129 130 294 274 327 274 104 67
 233 234 142 358 359 361 363 365 367 368
 370 372 169 169 377 379 72 73 73 172
 382 384 379 356 357 357 388 389 391 393
 395 397 399 402 404 406 408 410 412 413
 183 415 417 418 421 181 423 424 426 428
 429 431 433 434 435 436 421 184 438 439
 441 443 425 445 447 449 450 451 36 441
 454 158 456 457 80 461 158 463 464 157
 466 468 214 470 471 350 86 85 86 475
 477 478 350 351 456 481 482 153 154 90
 153 79 485 202 156 37 484 349 490 350
 491 86 492 494 472 496 497 221 498 500
 501 503 506 507 482 71 70 509 511 512
 236 348 348 152 518 520 522 524 525 505
 528 529 531 496 532 346 534 202 211 537
 527 481 483 89 541 508 224 543 220 147
 218 220 547 236 516 92 551 95 552 37
 554 555 557 558 149 150 483 149 89 561
 151 564 526 93 533 556 213 507 569 550
 199 209 571 149 573 576 575 578 579 212
 215 228 94 93 586 587 232 231 549 547
 549 559 594 582 596 597 564 598 525 210
 572 231 574 542 602 603 604 605 246 340
 607 237 535 550 610 567 566 13 585 237
 584 237 618 620 621 622 592 624 585 616
 627 584 44 96 629 551 631 632 545 546
 637 580 558 226 146 205 589 588 581 611
 648 599 583 245 652 644 654 655 656 657
 43 344 660 630 662 609 664 666 649 668
 267 669 254 239 671 660 238 674 675 258
 677 678 579 244 594 680 215 673 212 682
 614 626 687 688 574 689 590 572 100 639
 678 693 606 697 222 26 661 44 646 342
 695 702 347 140 706 620 709 251 685 547
 711 264 713 715 696 347 684 633 720 47
 139 261 46 262 235 608 724 615 617 683
 726 690 728 730 732 732 646 734 691 736
 707 14 739 686 727 575 619 222 235 143
 700 5 632 97 343 343 247 12 626 12
 251 642 147 633 749 98 740 753 638 260
 658 651 756 668 758 757 672 674 688 761
 335 336 331 335 764 144 68 744 233 729
 768 770 243 342 131 47 774 777 779 780
 686 249 779 782 741 271 619 25 26 25
 4 787 262 701 704 232 705 704 704 683
 239 647 733 737 796 267 759 267 798 254
 762 618 802 745 250 804 772 721 341 341
 587 720 623 338 812 651 338 814 343 812
 816 245 818 679 344 26 786 753 776 822
 727 622 715 825 141 778 827 265 717 830
 264 658 833 654 25 803 835 740 837 776
 766 767 840 52 784 800 243 784 748 68
 69 4 41 829 645 750 705 825 140 16
 247 666 336 847 142 345 829 345 786 238
 726 854 257 677 707 856 250 275 271 859
 768 590 793 337 135 135 812 136 337 772
 742 716 867 263 849 672 801 607 870 799
 875 623 717 715 858 857 137 878 98 748
 881 738 270 856 879 270 819 807 832 867
 887 778 831 66 133 134 810 708 795 247
 815 330 867 793 769 897 791 823 774 722
 865 801 760 775 774 795 905 640 840 676
 910 789 762 912 339 340 904 891 915 830
 810 290 917 326 272 332 920 110 333 863
 925 53 871 870 872 880 931 99 825 97
 814 929 935 796 937 870 862 337 99 837
 941 838 902 675 18 892 138 787 134 265
 947 948 889 828 874 842 860 952 954 893
 48 957 49 885 874 131 3 132 956 52
 848 927 852 836 871 293 965 280 293 279
 24 291 960 280 106 971 23 968 23 903
 943 258 257 17 930 69 811 276 54 42
 4 5 934 930 276 758 133 957 981 24
 131 23 327 109 303 985 950 950 798 271
 943 942 66 67 836 954 958 969 987 141
 791 140 901 927 931 15 925 999 999 126
 1003 935 917 787 5 1007 993 107 325 108
 1010 2 3 301 55 1002 936 328 1014 1004
 1016 115 1019 132 2 256 1021 987 859 112
 1005 890 889 60 973 1022 1011 1028 329 125
 125 1018 326 327 292 296 292 328 126 329
 1002 67 326 1029 1038 1033 1041 1013 1042 304
 999 1001 22 1020 282 58 130 1045 21 1039
 1049 325 991 803 912 59 60 295 1041 114
 55 1055 1017 954 981 958 1029 1049 108 322
 1030 942 932 127 278 1062 111 1064 322 321
 1031 1040 1032 302 1068 129 1007 956 281 324
 1065 299 1052 116 317 993 1070 992 1077 1061
 128 1080 1069 54 127 22 1067 321 322 316
 1086 118 58 320 1072 323 1064 1089 299 317
 119 316 121 118 120 319 1062 318 319 1087
 321 1095 1092 300 1090 1 1098 20 65 323
 320 57 63 309 1103 1080 1105 1075 1052 1082
 325 1102 304 314 314 1097 1110 1044 312 1084
 62 1109 1112 1082 1115 309 313 1082 1109 1097
 1044 1048 951 996 729 933 883 936 1036 103
 1115 312 1038 2 1060 963 895 914 801 909
 866 891 890 124 1099 123 124 297 0 1019
 318 1102 319 1007 130 1070 488 203 1141 613
 636 636 635 714 718 663 896 336 764 253
 1148 1150 922 887 886 918 1153 888 1156 1157
 1016 1158 114 939 1056 1161 1133 1055 1164 1063
 1073 288 1063 1046 318 1134 1133 1161 1062 946
 901 900 1138 1137 1043 1137 1020 1041 1136 1093
 315 305 1134 1136 1100 310 305 1100 1174 64
 65 1174 65 1179 62 1182 406 882 1184 248
 1188 449 1194 528 500 240 882 923 287 273
 1186 1026 360 1203 1204 1207 1212 1214 1216 529
 283 290 1206 1221 1222 1219 168 1225 1227 371
 30 1189 1232 1234 1236 1238 1239 1241 1243 395
 1245 1247 1248 703 229 503 472 361 1228 363
 165 1265 165 1267 1226 27 29 1272 31 374
 376 383 170 1279 1281 1283 1285 1287 1289 1291
 1295 1298 1258 1301 1303 1193 1308 720 1310 218
 105 1016 841 908 1146 157 158 1317 429 1256
 412 1246 1291 1363 74 73 1365 361 383 362
 1208 372 365 366 366 373 358 1371 1223 1377
 1275 370 1229 1368 1228 1381 1223 1383 359 1385
 166 1381 1205 1389 360 1391 1360 1232 1396 1399
 1401 1403 1404 1406 1408 1410 1412 1414 1416 1284
 1418 1283 1284 1423 1425 1429 1434 1436 1240 1439
 1441 1443 1445 1447 1449 1451 1453 1455 1459 1461
 1465 1467 1322 1472 1473 432 453 1475 1247 446
 81 1478 474 1480 1482 543 512 612 1487 603
 1490 876 1200 972 1136 120 1177 1314 1055 285
 260 145 240 755 586 1308 535 534 513 436
 447 179 191 77 1512 1524 398 1527 1332 1297
 1330 178 1543 354 1553 1554 1557 1559 1561 1569
 1577 1579 1581 1399 1401 1358 1373 1224 364 1389
 373 376 381 1271 1271 1616 1377 1377 1372 1620
 1624 395 101 1196 1197 1197 1628 1489 926 136
 811 1086 1040 1631 1034 117 1173 1161 1169 1005
 113 50 296 967 1165 1000 56 998 1010 110
 863 56 1160 298 1163 1640 952 1164 1156 1155
 1637 1169 1162 1646 1639 1159 1150 1008 48 956
 286 1046 1164 939 294 765 970 780 1201 952
 1645 1186 1650 906 1641 872 730 1184 1157 888
 1011 1664 255 709 706 1156 1637 1017 1314 1652
 922 252 1159 922 953 1198 1655 1135 1640 919
 1198 1660 259 887 1644 985 832 1663 953 1682
 1683 1686 696 695 285 1643 1166 1152 330 229
 666 263 833 244 243 1199 248 1659 667 253
 1668 1674 1693 911 1310 586 1666 854 876 1312
 940 816 1694 254 594 595 101 1708 714 578
 287 779 754 1698 1312 730 649 1691 713 1697
 1497 657 652 242 145 146 1692 259 1135 330
 331 574 687 573 823 873 1713 1718 1660 1650
 342 809 341 910 781 1150 905 696 1683 1700
 770 261 797 1684 654 712 686 685 613 625
 1716 1717 230 731 1251 1707 731 1690 1185 1698
 655 664 1725 1490 642 641 640 1737 1714 635
 613 612 578 554 1693 1730 1736 1710 1681 1149
 1741 698 1696 1316 662 148 225 733 708 691
 1713 597 908 1659 1153 1728 631 227 1728 228
 531 1151 906 1682 1716 1145 1253 1194 1707 670
 1673 1682 1709 1665 269 1666 736 938 1727 1489
 1253 50 1315 918 538 581 627 1749 510 150
 561 536 698 604 541 1491 610 1778 205 1196
 146 1492 645 150 39 244 660 806 609 346
 347 230 596 1679 1148 1681 151 463 464 208
 1764 1761 1658 910 332 662 1753 641 1770 625
 1763 1252 1785 1251 664 554 156 1501 1485 502
 515 592 208 1789 602 1777 569 1799 1792 1793
 1795 513 1142 612 1795 1779 518 563 508 505
 628 197 580 593 1773 1149 1714 511 1791 1818
 1775 1196 242 1725 1705 1704 1684 737 1744 1684
 1823 1711 1800 1816 1737 38 1309 1307 771 1735
 1790 537 1482 1483 1498 193 201 488 155 156
 1775 1502 1142 153 1829 1500 1309 451 450 1829
 643 644 564 1786 236 1786 1735 548 783 1842
 1825 488 522 523 217 553 1502 656 665 1803
 1804 1798 528 449 1852 1789 1831 1318 463 692
 637 227 499 351 85 465 1833 636 1791 1486
 1868 214 213 198 457 540 517 1804 502 1869
 192 459 34 195 506 199 148 634 155 1840
 475 1793 1657 966 937 820 1711 1822 1492 1727
 102 1628 1778 1492 643 519 506 224 1831 460
 1892 605 817 1745 1801 1842 1845 1844 1812 477
 1860 494 1882 1764 468 490 517 514 470 1811
 466 1859 1906 1802 1193 1488 1810 1141 511 1839
 1791 1870 1871 665 568 456 1903 1305 1917 519
 476 1484 1817 1902 503 1817 224 501 1849 1770
 446 499 1909 1908 1216 1858 1785 1710 1826 1473
 1856 624 1922 1832 439 1935 188 187 1937 1862
 1836 1835 204 559 70 71 520 546 1484 1305
 445 479 1946 1479 530 1832 500 505 84 1854
 1911 1876 1954 1945 1765 697 1896 1828 1959 1959
 1900 1963 189 1827 1853 521 1857 1926 466 611
 1761 1947 454 1963 441 462 1890 1903 1934 1472
 1946 1254 1503 468 1940 1930 185 1861 1860 424
 1973 1953 467 1924 1320 1811 214 1851 494 652
 1855 1842 1958 479 526 349 480 1956 1993 1892
 1482 487 155 203 1972 1931 35 1140 1503 1880
 1140 1954 1811 471 1883 1997 1835 1792 1762 1487
 353 460 352 353 531 583 524 493 514 1477
 445 1929 1837 1996 2019 1956 1876 1930 1931 1819
 201 420 421 458 1478 2025 1950 36 459 85
 1481 187 221 1925 1964 1948 428 1868 1898 467
 1935 1984 1986 2033 1871 2008 190 34 35 1962
 1899 1773 1982 539 1991 1978 1834 1901 2009 443
 2047 1983 1956 452 1967 1906 1975 2052 493 2046
 1255 1961 189 1919 1978 527 1866 442 425 188
 1963 1898 1875 1832 1994 2064 427 1952 2000 1914
 1916 2025 433 423 423 432 2017 1883 2007 38
 1870 1841 2002 1475 2016 1887 1308 1998 2080 2081
 1504 2040 434 1870 1827 1942 1488 1997 1764 32
 1880 1932 2073 1929 431 186 352 453 418 1874
 515 514 1854 1931 476 2090 1472 2001 1780 213
 1306 2094 2038 1306 1831 1863 504 2006 2045 1955
 2042 33 2027 82 2044 1476 1690 249 2053 2001
 1506 1505 430 1319 2020 2064 1709 875 1907 1857
 1906 648 1491 1718 1306 1508 417 1914 2034 2021
 2096 2032 2031 2061 415 2082 2076 2108 2110 1249
 1321 2117 2067 2019 2117 1948 152 1918 1979 180
 183 2137 410 1506 1319 346 1839 1250 1961 495
 1872 556 1851 2076 2072 2075 2076 1182 2126 2011
 1893 443 11 1979 1871 1942 430 1471 2105 2067
 1952 1953 2162 2164 2145 2015 460 459 1834 88
 1469 2132 408 2095 2096 2170 2129 442 1509 1480
 32 2162 1999 1980 2080 2075 2071 2099 1960 1215
 1215 182 2095 2021 440 2127 2126 2117 2118 427
 2186 2000 2069 10 2171 2021 1183 2143 2184 2185
 2144 410 2151 426 1182 2172 2173 1515 1516 1304
 2200 1510 1467 1513 2053 2113 2093 2151 2005 2102
 409 2155 2093 2094 419 2193 2205 1844 2045 1945
 191 2055 1960 1860 1900 523 478 1828 1993 452
 2205 186 2225 2047 1893 1483 2136 1468 2166 1248
 2113 2196 1512 2210 2108 9 2046 2000 8 2176
 2191 2237 1510 1303 185 2232 1930 194 2217 1320
 1477 1319 2111 2092 2239 2239 1512 2232 2203 2128
 438 1898 1984 1932 2004 469 1946 1975 2177 2098
 1972 475 2230 2240 2250 2260 2244 1470 2130 2236
 2061 1214 447 184 428 2125 2069 1914 216 1788
 521 180 435 2133 2083 2164 1514 1467 2204 1514
 2091 2092 1922 1797 1194 403 2279 1515 419 1469
 2209 2176 2177 404 2152 2153 2222 2155 2051 1859
 2160 2066 2127 2285 2074 1255 190 416 408 416
 1517 2024 2272 1249 2111 413 2286 1520 2196 2059
 2197 2186 1795 1143 1486 1474 2252 1503 1974 2310
 2310 2096 412 1322 1323 2246 2091 414 2199 2198
 2206 426 2106 2284 2323 2222 2315 2149 2163 2280
 2311 402 2332 2087 2044 2173 2031 2260 2260 1952
 1936 1985 2183 2095 2159 2271 76 2223 2226 2266
 2271 2208 2284 2212 2208 2332 2174 2187 2254 2261
 2282 1518 2293 2257 2257 1322 414 2312 2312 2276
 404 2229 1468 1506 2116 1505 2052 1947 2114 2128
 2044 2304 9 33 8 2072 2327 2235 2133 2134
 2028 353 2277 2336 2244 2336 2247 2190 1994 2242
 1929 1981 2075 1998 2367 157 461 2376 2205 2042
 2067 2291 2125 2124 438 515 1869 2354 2210 2350
 2176 2235 2093 2006 2207 2319 2329 2288 1466 1519
 1520 2321 2322 2194 2342 406 2190 407 2198 2006
 2042 1954 1708 269 1820 2198 2191 1518 409 1517
 1518 399 2171 2315 2354 2326 2122 2403 2248 2204
 2228 1256 2202 2115 2414 2416 2249 2224 2375 2309
 2239 2200 2288 2289 2414 2414 2263 1469 417 1507
 2201 2306 431 2312 520 151 152 2429 2415 1302
 2357 2433 2332 2345 1461 2359 2318 2358 2318 1302
 2295 2142 2226 448 2147 1962 2444 2371 1522 2371
 2431 2432 2301 2221 2301 2337 2349 2369 2217 2328
 2254 2255 1500 1629 1499 1519 1520 2416 2358 1470
 2264 2322 1971 1878 34 2323 2298 2323 2298 2279
 2451 1515 2331 2231 2466 2466 2468 2295 2225 2266
 420 2141 2397 2464 2351 2284 2392 1457 2310 2314
 2274 2134 440 1936 2292 2126 2353 2356 2437 1464
 2421 2349 1465 2370 2374 2395 1519 2370 2385 2493
 2436 2450 1324 2403 2237 2410 2131 2060 2061 1919
 2071 1983 2467 2225 2485 2484 2444 2324 2505 1456
 2461 2326 2492 2442 2442 2436 405 2457 2457 2513
 2152 2159 2160 2258 2493 2257 2375 2195 2231 1511
 2122 2128 1303 2346 2349 2511 2396 2463 1301 2431
 411 2419 1192 2308 2399 2308 2309 2443 2165 1511
 2212 2194 2211 352 2131 2422 2433 2544 401 2408
 2286 2393 2447 1466 2374 2314 2328 2164 2481 2273
 2165 400 2551 2106 2065 2376 1523 2373 2534 2435
 2452 2479 2451 2452 1481 2087 2056 2334 2429 403
 2497 2498 2142 422 2266 2396 2322 2351 2454 2217
 2243 2244 2534 2535 2388 2327 2162 2542 2130 2355
 2516 1463 2464 400 2529 2539 2525 2287 2546 2461
 2302 2221 2446 2437 1464 1455 1464 397 2513 2403
 2238 2475 2411 2554 2525 2543 2384 2497 2544 2562
 1521 1522 2601 2557 2344 2510 2494 2258 2345 2600
 2391 2475 2447 2181 2132 1507 1257 2552 2602 2302
 2453 2311 2526 2241 2083 2081 2359 2264 2236 2131
 2012 444 1523 1460 2281 2209 2343 2531 355 393
 1298 2530 2513 1465 2337 2374 2548 2373 2430 2313
 402 2629 1528 2563 2486 2472 2468 1517 2296 2472
 2633 2437 2352 2621 2351 1526 2519 2623 1298 1245
 2642 2574 2392 2452 2330 1294 2645 1535 2547 2627
 401 401 2555 2174 2335 2304 2619 2469 2329 2330
 2585 2593 2646 2654 2512 2446 2621 2405 2587 2487
 2486 2658 2660 394 2643 2586 2650 2558 2455 2187
 2350 2476 2330 1304 2248 2410 2532 2396 1456 407
 2321 2578 2511 2641 2623 2213 2333 2153 1953 1967
 2439 2639 2624 2457 1522 2607 1521 2598 1521 2595
 2262 2358 1301 2015 2016 1247 2664 2665 2508 1461
 2516 2517 1462 2517 2603 1462 2691 2356 2434 2689
 2573 2574 2514 2552 2661 1533 2568 2613 2508 2417
 2492 2579 2384 1323 2263 1256 1529 1530 1326 1531
 1532 2629 2556 2652 2685 2017 194 2018 1626 2692
 2391 1458 1457 2659 2716 2716 2598 2531 2446 1455
 2524 2313 2498 1209 1209 1210 2157 2299 2268 2204
 2263 2577 2537 2576 1192 2344 2213 2603 2508 2603
 2347 2498 2149 2274 2163 2672 2495 2588 2587 2575
 2523 1324 2734 1536 1532 2562 2648 1508 2180 1507
 2629 2528 2289 2425 2395 2491 1529 2673 1325 1531
 1529 1243 2443 2309 2537 396 1329 2660 2682 2755
 2685 2695 2591 2247 2448 2476 2391 2392 2471 2504
 2735 2586 2755 2595 2497 2731 2664 1325 2672 1324
 2664 397 2759 2507 392 1449 2693 2653 2584 2445
 2585 2409 2325 2292 2677 2019 2618 2619 1524 1451
 1525 1526 2691 2786 391 2635 1534 2463 399 2477
 2529 2551 2675 1527 1331 2609 2703 2658 2753 2698
 2754 1447 394 355 354 355 2800 2614 2480 2540
 1450 2804 392 2516 2514 2674 393 2760 2493 2687
 2385 2416 2612 2460 2539 2442 2703 1445 2707 2635
 2773 2634 2770 2795 2697 2682 2749 2427 1513 1514
 1323 2262 1525 2791 1528 2742 2787 1531 2638 2619
 1213 2803 1463 2445 2611 2196 1509 1510 2506 2373
 2489 2562 2563 2806 1626 2642 2835 1297 1246 2678
 2589 2456 2701 2744 2535 2710 2394 2672 2578 2579
 2821 1211 2749 2845 2490 2710 2711 2570 2708 2756
 2554 2844 2844 2774 1538 2776 2585 2444 2422 2276
 2726 1539 1328 2144 2381 2137 2347 2314 2722 2429
 2813 2588 2698 2523 2625 2685 2665 2584 2712 2298
 2633 2297 2775 2868 2772 1449 2634 1444 2872 1294
 1295 1336 2876 2803 2759 1533 1534 1244 1541 1447
 1448 2737 2738 2824 1530 2825 2607 2545 2681 2691
 2640 2715 2729 1453 1446 1258 2827 2666 2811 1451
 1539 2873 2855 2686 2778 2779 2796 1535 2874 2826
 1441 1441 1333 2903 1439 2769 1212 2778 2589 2512
 2862 2432 2839 2772 1450 2877 1211 2774 2775 2785
 2751 2868 2625 2764 2801 2719 2740 2658 2877 2812
 2918 2906 2907 2889 2601 2729 2869 2751 2855 1331
 2925 2639 2318 405 2524 2736 2724 2916 1528 2823
 1527 2851 2786 2907 2869 2873 2910 2501 2223 2324
 411 2185 2522 2896 2757 1546 2824 2836 1452 2911
 1454 1445 2703 2944 1545 2288 2371 2372 2555 2505
 2850 1523 2384 2593 2434 2588 2450 2909 2935 1549
 2959 1458 1257 2564 2451 1459 2697 2863 1294 2660
 2754 1549 1544 2799 2870 2947 2967 2800 2420 2289
 2372 2838 2663 178 2900 2901 177 1212 1541 1542
 2752 1328 2855 1337 1438 1336 2876 2826 1536 2734
 1238 1547 2852 2933 2792 1537 1332 1440 2770 2507
 2282 2478 2208 2846 2826 1296 2530 2810 2529 2852
 1537 2787 1244 1330 2758 2779 2757 2860 2861 2730
 2602 2417 2345 2834 2688 2920 2816 2759 2635 2878
 1534 1555 2901 2894 2774 3011 2739 2953 2742 2708
 2405 2297 2636 78 2502 2223 2694 2835 2524 2523
 2595 2963 2958 3018 2596 3019 2796 2753 2930 2950
 2885 1439 2897 2860 2934 2991 2884 2845 1333 2977
 2631 2471 2575 398 2487 2866 2871 2772 2611 2407
 2770 2947 1337 2981 3041 3020 3021 2935 2763 2485
 2829 2525 2578 1551 1552 1242 1338 2650 1459 2559
 2723 2931 3055 2803 1241 2794 2740 1243 1454 2609
 2659 3057 2921 2624 2928 2512 1536 2983 1535 2907
 2883 2905 2700 2767 2813 1327 2814 2159 2482 2066
 1335 1334 1334 3006 3007 1297 2900 1544 2974 3059
 3039 2598 2544 1300 2610 2793 1543 354 1546 2943
 1545 2836 2825 2875 3004 1547 2977 2978 2944 1545
 2751 2692 396 2612 2394 3014 2784 2786 3074 2960
 3074 2970 2805 1242 2969 1435 2969 2942 2957 2987
 2988 2872 1334 2514 2515 2511 1192 2443 2510 2987
 3043 3044 2944 2836 2885 2991 2797 2992 1240 3114
 3112 3031 2875 3025 2884 1556 1555 2911 3055 2712
 1326 1327 1440 3027 2563 3013 2556 2784 2775 2851
 1333 2925 1332 3026 3090 2804 2970 2878 1241 391
 2929 1337 3134 2898 1210 3040 3073 177 3006 2972
 2662 2900 3029 2778 3104 3063 2882 2883 3131 2969
 2937 2965 1550 3144 3027 1437 3033 2904 3027 3145
 3021 3044 2326 2221 2222 2387 2186 2110 2696 2830
 2845 3032 3030 3024 1338 3043 3105 3011 2843 2723
 2850 3040 1548 2893 2638 1300 1457 1257 1258 3168
 3144 2951 3084 2898 3004 2661 2645 2935 2883 2934
 1554 3178 2830 2816 2634 1331 1542 1330 2891 2880
 2881 2946 3058 3118 3004 1555 2921 2882 2920 2861
 2824 1327 2758 2713 3000 3063 3046 2919 2981 1516
 2418 2400 2818 2748 2697 1335 3008 3009 3071 2894
 2450 2449 1293 3049 1291 2970 1552 3100 3076 1435
 179 2413 76 2865 2713 2625 2960 3102 2798 3081
 2973 2943 2945 3093 3032 3024 3119 3165 3086 3039
 3156 3092 3159 3171 3161 1293 3160 3161 2929 2919
 1446 388 3145 2760 2662 2663 3095 3235 3056 1238
 1290 3078 3146 3157 3157 3117 1558 3244 3243 3147
 2946 3085 3076 3077 3229 388 1442 3009 1341 1429
 1557 3097 3101 1434 3174 3175 3256 3180 3254 3051
 3261 3223 3156 3241 3265 1433 3133 3192 3133 3255
 2813 3028 2758 3171 3170 1546 3269 3181 3269 3233
 3200 3278 3209 3210 1444 3012 2988 3070 3196 1427
 1560 3286 1340 3261 3152 3261 3242 3034 3243 3026
 2988 3238 3248 3086 3087 1346 3142 2937 2938 1292
 1551 1552 3190 3211 3277 3212 3291 1436 3151 3152
 3113 1437 3032 1553 1556 3121 3240 1433 3091 3236
 3042 3134 1431 3149 3045 2941 2779 2906 2464 2308
 2671 2837 2573 2574 1548 1210 3315 2948 2811 2812
 1559 1429 3072 1539 1540 2707 2673 2706 3059 2946
 2800 3136 2930 2584 2915 1463 1425 3226 3324 1560
 3202 3207 3208 3335 1432 3201 3223 2534 2505 2710
 2903 1538 3128 3252 2950 3024 3288 1426 3161 1339
 3257 1340 3234 3230 3170 3279 2890 2690 3017 3331
 3210 3344 3289 3333 3208 3059 3058 1557 1427 3238
 3285 3294 3312 3313 3311 3003 2699 3001 3063 3000
 3250 3294 3087 3137 2968 2916 3043 3162 3304 2895
 2856 3071 3362 1562 3136 2967 3247 3054 2748 2749
 3305 3317 3235 3358 3359 3235 3091 3128 2985 3010
 3265 2866 2587 3104 2860 3103 3168 1340 1339 3258
 3146 3098 3258 2535 3232 3199 3021 3149 2958 3029
 2957 3180 3098 3259 3050 3101 3215 3393 3347 3233
 3199 3092 2951 3342 3031 3121 1553 3062 2920 3260
 3274 3288 3280 3272 3280 3298 3284 3242 3116 3088
 3349 3312 3197 3009 1289 3298 3257 3197 3338 3208
 1259 1260 3370 3234 3249 3395 3366 3151 1425 3331
 3402 3222 3296 1342 3426 1260 3386 1431 1432 1551
 3050 3100 3418 1424 3221 1548 3237 1547 2912 3122
 1422 3436 3120 3263 3179 3092 390 3225 2997 2943
 3103 1423 3444 2902 3078 3074 2974 1549 3089 2977
 3267 2794 2880 1453 3200 3177 3289 3211 3212 3202
 3185 3005 3085 3135 3291 3220 3221 3083 2709 1448
 3318 2957 3444 3243 2926 3033 3267 3088 3090 1566
 3272 3450 1259 3296 3297 2976 2921 2828 2870 2938
 1550 2746 1325 2886 3084 1295 2754 1343 3253 1343
 1428 3284 1560 1344 1428 3052 1292 3260 3401 3289
 3400 3394 3480 3374 3373 3374 3359 3350 3433 3349
 3175 3197 3385 3174 3346 2913 2936 1443 2792 2995
 3404 3429 3477 3406 3284 3265 3381 3473 1568 1288
 3370 1563 1287 3504 3304 3305 3493 1285 3395 3233
 3290 3422 3175 3174 1566 1567 3513 3343 3330 3226
 2975 3075 2902 3209 3050 3429 3335 3375 3442 3421
 3190 3191 3177 3046 3020 1259 3437 1283 3393 3527
 3393 3486 3380 3445 3418 3419 3367 3511 3384 3222
 3223 3453 1573 3497 3413 1559 1561 3332 1562 3363
 2881 3089 2929 3482 3483 3376 1564 3535 3058 3355
 3207 3453 1415 3553 3467 1421 3195 3512 1442 3078
 1289 3522 3481 3560 1347 1422 3246 3113 3117 3313
 3278 3346 1339 3412 3492 3493 1279 1280 1421 1345
 3561 3570 3564 3546 3547 3409 3489 3278 3497 3338
 3201 3202 3357 3354 1432 3146 3181 1431 3180 3245
 3266 3253 1416 3550 3551 3583 1430 1341 1342 3468
 3456 3457 3502 3509 3508 3477 1567 3560 3592 1288
 1561 3362 389 3363 1282 1571 3540 3492 3519 3049
 3303 3211 3177 3565 3496 3299 3336 3076 3087 3577
 3238 3115 1558 3310 3130 3311 3349 3220 3567 1576
 3509 1569 1570 3529 3480 3536 1574 1573 1428 3477
 1344 3263 3426 1341 3439 3363 3276 3200 3275 3277
 3575 3262 3221 3495 2747 2791 3466 3545 3352 3599
 1293 3618 390 3224 3627 3628 3455 3314 3130 3313
 3547 3598 1571 1572 1418 1347 1348 3425 3423 1426
 3538 3456 1346 3538 3251 3008 3007 3008 1335 3203
 3645 3530 3570 3581 1572 3559 3613 3558 3488 1424
 1423 3537 3591 3465 3637 3622 3152 3482 3299 3404
 3405 3195 3198 3490 3500 3554 3476 3500 3364 2984
 3114 3535 3201 3241 1281 3582 3419 3485 1524 2821
 2954 3179 3159 3308 2797 1532 2982 2586 2767 3382
 3642 1286 3457 1285 3250 3417 1420 3442 3483 3574
 3575 3569 1419 3584 3651 3526 3651 3589 3590 3635
 3395 3394 3612 3620 3276 3612 3373 3287 3507 3668
 3667 3286 3305 3367 3124 3044 1436 3587 1287 3712
 3647 3560 3592 3715 3709 3553 3486 3380 1583 1417
 3718 3581 3693 3641 3708 3554 3428 3296 3534 3120
 3157 2966 1299 3255 3281 3403 3635 3635 3679 3676
 3648 1574 1570 1575 3421 3613 3420 3169 3196 3556
 3106 3283 3012 3550 3692 3052 3001 3000 3515 3401
 3552 3650 3634 3649 3527 3611 3515 3516 3658 3621
 3649 3582 3445 3667 3404 3539 1342 3457 3677 1430
 3677 1262 1574 3614 1573 1564 1565 1419 3688 3298
 1290 3387 3446 2974 3760 3574 3429 3443 3317 3335
 3316 3558 3627 3416 3711 3421 1412 3720 3767 3486
 3487 3632 3657 3220 3307 1411 3685 3733 3684 3685
 3540 3598 3412 3539 3413 3619 3150 3199 3144 3461
 2942 3516 3733 3734 1576 1261 3743 3701 3683 3682
 3310 3245 3455 3115 1438 3695 3562 3406 3589 3476
 3710 3609 3706 3747 3707 3702 3676 3731 3514 3544
 3376 3317 3450 3436 3406 1260 3337 3338 3675 1415
 1584 1583 3696 3808 3729 3682 3786 3683 3621 3722
 1345 3555 1345 1346 3504 3673 3803 3541 3753 3588
 3341 3178 3438 3344 3288 3517 3611 1569 3638 3593
 3531 3647 1564 3615 1584 3807 3827 3826 3826 3831
 3702 1282 3812 3811 1411 3545 1566 3798 3424 3330
 3425 3802 3551 3481 3526 3528 3420 3416 3706 3688
 3689 3844 3684 3350 3489 3459 3279 1565 3546 3690
 3640 3830 3816 3681 3737 3680 3681 3771 3772 3645
 3772 3629 3630 3627 1568 3608 3791 3674 3456 3538
 3870 3849 3374 3507 3610 3591 3465 3624 3402 3656
 3659 1567 3607 1570 3779 3601 3751 3293 3010 1443
 3749 3700 3484 3790 3723 3709 1581 1581 3129 3042
 3268 3384 3162 3169 3679 3571 3732 3715 1406 2947
 3039 3327 3498 3407 3800 3684 3794 3656 3712 3414
 3498 1568 3710 3645 3772 3711 3867 3522 3608 3508
 3505 3840 3740 3902 1584 3819 3829 3792 3809 3910
 3443 3520 3521 3877 3345 3405 3760 3861 3865 3907
 3760 3696 1348 3808 3818 3890 3302 3353 3160 3527
 3552 3274 3834 3920 3854 3855 3861 3761 3737 3736
 3783 3810 3811 3830 1408 3829 1349 1350 3931 1579
 1405 3781 1576 1279 3694 3568 3766 3767 1278 1404
 3212 3275 3400 3779 3709 3889 3736 3856 3785 3727
 3155 3037 1434 3181 3259 1409 3957 1586 1585 3807
 3793 3885 3908 1577 1582 3856 3857 1406 3509 3594
 3588 3646 3609 3907 3782 3679 3755 3796 3530 3547
 1427 1343 1344 3474 3381 3663 3826 3832 3833 3506
 3419 3880 3369 1563 2930 2817 1571 3872 3492 3972
 3973 1262 3959 3942 1410 3981 3724 3949 3889 3561
 3680 3884 3890 3847 3884 3935 3748 3747 1420 3973
 3870 3733 1261 3916 1347 3590 3688 3855 3996 3966
 3745 3516 3552 1402 4010 3959 1585 3687 3596 3666
 1572 3988 1591 4016 3963 3984 3985 3982 3840 3850
 3972 3951 3952 4019 3450 3316 3273 3505 1286 3642
 3858 3639 3954 3836 3786 1579 3981 3860 1593 3961
 3892 4024 3333 3407 3897 3908 3708 1578 1420 3962
 3705 3805 3652 3721 3559 3898 3628 4035 3881 3921
 3891 3920 1587 1351 1352 3818 1402 3929 4028 1278
 1580 3944 1350 4046 3784 3937 4033 3817 3926 3904
 3714 3648 3960 1349 3837 3992 4004 3690 3691 3640
 3722 3639 3899 4041 3646 3630 3945 3582 1416 4067
 3584 1597 4031 3924 3891 4044 3917 3708 3730 3847
 3376 3483 3375 3707 3844 3845 1234 3609 1410 3864
 4071 4083 3870 3774 1262 3782 1261 3857 3967 3857
 4008 4009 3984 3952 3962 3845 4082 4082 4057 3676
 3803 3862 3797 4057 1414 3675 3796 3418 3458 3980
 4088 4052 3484 3989 3650 3578 3299 3758 3597 1281
 3795 3953 3705 4028 4110 4112 3951 3814 3690 3639
 3920 3855 3846 3998 3537 3841 3536 3458 3262 1280
 1586 1413 1596 4005 1352 1585 1586 3959 1353 1354
 4125 4107 4132 3428 3467 3297 3917 3590 3882 4136
 3828 3851 4068 3462 3750 4065 4118 4065 1595 3724
 3856 3909 3939 4091 3938 1401 3918 3919 3963 3658
 3514 3659 2976 3953 1580 3786 3743 3634 4015 4112
 1356 3930 3811 3946 4050 3910 4113 4129 4119 1278
 4118 3998 3745 3526 3948 3451 3524 3150 3934 3933
 3837 4030 4012 4055 3859 3906 1596 1589 4083 1400
 1589 1592 1594 4177 1594 3784 3743 4051 4169 3963
 3964 4115 3967 4106 4107 3909 3968 1235 4170 1357
 3881 4171 4114 3939 4079 3868 3504 3234 3843 3510
 3905 4047 3895 3848 3707 4019 3880 4042 3944 4085
 4086 4008 3978 3833 1588 3891 3885 3847 3729 4144
 4171 4144 4206 1597 4212 1598 1398 4046 4088 1350
 4052 1349 4017 4142 4150 3919 4210 4155 4210 1577
 3909 1582 3994 3737 3736 3860 3981 3829 1409 4056
 4184 4114 4192 3938 4132 3810 3945 3946 3951 3910
 4050 3943 4230 4180 4180 4235 4136 4087 4237 1351
 4207 3567 3948 3941 3768 1412 4122 4058 3975 3825
 3717 1433 3487 1592 4176 4183 4182 1593 4183 4081
 4070 3927 3914 4223 4233 4160 4161 159 4233 1600
 4131 1397 4084 4209 4259 4085 4200 4232 4177 1592
 1593 1407 4177 4054 4086 4232 4209 4094 4228 3805
 4034 1591 4072 1399 4173 1588 4027 3341 3332 3439
 4176 4277 1359 3985 3848 3849 3713 1575 3773 6
 4281 1358 3686 3482 3748 3804 3954 3705 4208 4290
 4170 4196 4011 3918 3819 1353 4034 4130 4115 4298
 4242 3880 3871 4189 4022 3881 4021 4051 4234 4240
 4087 3892 1403 3719 3634 3784 4219 4156 4008 4072
 1236 3754 3781 4122 4289 4184 4161 4070 4071 4207
 1599 4259 4240 3935 3810 3945 3969 1403 175 4102
 4234 4163 4023 3712 3685 3895 4271 4272 4268 4009
 3958 3927 4056 3813 3682 3596 3936 4164 3935 4111
 4208 4125 4131 4124 4069 1595 4212 1594 4059 4046
 4126 4205 4012 1351 4230 173 1360 3433 4121 3432
 3702 3836 3701 4206 4299 1600 160 4237 1397 3675
 3982 3803 4053 3807 1583 4246 4193 4328 4261 4317
 4140 4199 4086 3999 4010 4191 4193 4358 4133 4359
 4331 4364 370 4138 3850 3903 3983 3964 4150 3776
 3412 3601 4039 3804 4095 4005 4274 4202 3890 4322
 4075 3921 3689 3854 3832 4275 3757 1348 3500 4344
 1362 4379 1601 4071 4242 4370 4371 3996 4106 4296
 4078 4022 4190 1393 4142 4271 4293 3982 4158 4157
 4112 4129 1578 3883 3724 4187 3967 3966 4344 1354
 4345 4295 1602 174 3462 3551 3654 3680 3571 176
 4286 4383 4210 4211 4318 4323 1276 4326 4403 1599
 4249 1598 1595 4329 1359 4214 4238 4387 364 1604
 1608 4145 4352 4295 4022 1234 4288 4289 4245 3862
 4091 3950 4048 3771 3992 3629 4160 4180 4181 1362
 377 1391 1361 1362 1361 4399 4287 4110 4273 4111
 1237 4283 1395 1188 1189 4301 4298 4300 4199 3795
 3701 3988 4312 1606 1363 4340 1396 1396 4355 4299
 4241 4242 1602 4281 1365 72 3568 3768 3638 3873
 3423 1272 30 1231 1230 4080 3865 4254 3678 3986
 3370 4402 4322 4259 4319 4410 162 4451 4060 3933
 3991 4311 3990 4127 3754 1413 4102 4103 4304 1190
 4429 4372 4232 1603 1233 4380 172 377 1358 4414
 1357 4235 1363 4160 4030 4031 4206 4382 4316 1598
 4406 3969 4066 4430 1603 4266 1355 4262 1395 1591
 4191 1590 4326 4272 4347 4451 4143 4176 4408 4146
 4178 1407 3782 4089 4002 4415 4034 4035 4208 4258
 1597 4083 1596 4283 4250 1599 4250 4249 4333 4082
 3957 4383 4241 4155 4436 4331 4137 4354 7 3944
 3943 4391 1354 3984 4039 3844 4001 4021 4189 1277
 4114 4434 4236 1277 4471 27 1394 1220 1219 4452
 4501 162 161 4329 162 1601 176 160 1600 4161
 4466 1274 4417 1276 376 384 4141 4406 4490 3999
 4119 1204 1392 4316 4141 4317 1398 4329 1359 1360
 167 1611 1367 4489 1366 1365 4377 357 4231 4009
 1236 4156 3816 4275 3831 4326 4504 161 4475 4388
 4407 4449 1607 4450 1613 1612 4411 3614 3841 1414
 3983 3850 3851 3834 3833 4069 4124 4257 4378 4213
 1398 4515 4330 4308 1237 4110 4425 4286 1206 387
 1604 1355 356 4526 387 3983 3919 4389 4292 3938
 3929 4137 4385 4297 4463 4365 3928 4418 4048 4488
 4131 4296 4288 4464 4434 4245 4289 4268 171 4425
 4338 4541 4331 4437 1605 365 4332 4487 4287 4338
 4534 4467 1601 385 4409 4260 4471 1393 4440 4439
 4489 4230 4158 4491 1352 4012 4270 4128 4129 4169
 3934 3993 4382 4097 4315 4353 4145 4205 4352 4353
 4238 4240 4237 4387 4319 4372 1267 4317 4283 4531
 4347 4193 4132 4011 4185 4358 4545 3972 4311 4190
 4123 3766 4453 4409 1277 1270 1227 1608 4301 4525
 4467 385 1394 4451 4476 4229 3954 3911 4024 4270
 4324 4529 1587 4072 356 381 4508 372 1605 1364
 1606 1393 4459 4398 4032 3828 4054 4016 1590 4218
 4552 4398 4553 4381 4298 384 4509 378 382 1263
 4568 4249 4580 4277 4175 4431 4301 4509 4576 1361
 4146 4469 4510 4085 4165 3999 4499 1607 4330 1273
 1270 4265 4432 4390 4064 3629 3720 4215 4087 4045
 4575 1191 4458 1400 4084 4337 4379 4424 4425 4290
 4413 4444 4019 3952 4018 1231 4352 4573 4282 1230
 4417 4508 4416 4185 4312 4313 4581 4588 4574 4497
 4498 4145 4291 4144 1605 371 4463 4235 4355 4470
 4577 4594 4576 4300 4211 1611 1225 4616 1207 1206
 3927 3860 3861 4333 4156 4096 1221 1624 1387 163
 4603 75 1222 4471 4617 4589 4552 367 4630 1383
 1384 1370 1203 4643 4651 4136 4355 4354 4115 4106
 4495 4320 4118 4231 1355 1356 4458 1233 4412 4580
 4484 4653 4644 4648 4629 1265 4403 4245 4246 4183
 4143 4217 1386 1386 4676 4170 4078 4204 4088 4305
 1610 367 4681 4364 1275 4044 1588 1589 4142 4143
 164 4633 1370 4641 4669 4692 4696 4638 1617 4686
 4700 1620 1621 1220 1372 3792 3906 3761 4401 4679
 4102 1269 4338 4481 4155 4315 4096 1390 4646 1375
 1615 4645 4646 4646 4713 1374 1378 362 1368 4667
 4668 1392 4423 4473 4567 4261 4657 4065 4066 4260
 4238 4564 4414 4294 1235 3713 3656 3610 1604 4412
 1603 4727 4697 4731 4732 4621 1364 4463 4297 4313
 4496 4704 1208 1621 1618 1614 163 4617 369 4637
 4717 375 1613 4549 1229 4668 1613 4450 4689 4680
 4467 369 1610 4664 4648 4666 4647 4457 4501 4660
 4715 4500 4497 4555 1269 4639 4635 4677 75 4729
 4212 4378 4597 4449 4514 4330 378 1263 358 4638
 1371 4637 4634 4377 173 379 4566 4585 4624 4757
 4636 4728 1616 1221 4737 4682 4578 4594 4525 4470
 4512 4746 4747 4268 4709 4267 1370 1388 4295 4345
 1353 4250 4767 29 4665 4691 4743 1374 4750 4643
 4663 1619 4739 1612 4716 175 4402 159 4410 4755
 4554 4694 4741 4782 4654 1615 1390 1614 1382 4688
 4689 1610 4697 4772 4290 4613 1357 4677 167 1366
 4566 363 4526 4683 171 4332 4779 4428 1189 4447
 4319 4401 4494 4443 1231 4664 4666 4499 4535 1219
 4272 4404 4795 4676 1732 1316 1902 2003 1825 4777
 4669 4670 4643 4701 4784 28 4708 4644 4814 4785
 4786 4715 4728 4757 4758 4682 4770 3129 3091 3130
 3662 4074 3882 719 1728 567 4807 4246 4328 4731
 4744 4825 1226 4732 4809 4764 4633 4667 1268 4744
 4791 4653 4687 4791 4686 4771 4495 4092 3939 4133
 4185 4225 2348 2254 2766 1460 2592 2859 2748 2801
 3987 1972 1998 2099 2846 1296 2875 3244 3788 3135
 2333 2258 2293 3011 3196 3162 2056 1938 2560 2081
 1980 1981 589 601 560 4676 4818 4727 168 4809
 4757 4648 4768 4665 4814 4805 4796 4795 1388 4696
 4399 4211 4220 4800 4747 4736 4800 4694 1380 4790
 1379 1368 1369 4006 4107 4005 4547 4546 4380 4673
 1623 4631 4632 4328 4191 4327 3904 3818 3905 3066
 2882 4152 2265 2060 2235 2590 2475 2476 2506 2491
 2847 1144 1250 1912 1699 252 1679 461 1886 2062
 1121 913 565 348 349 524 351 496 1925 2029
 1938 635 1743 702 469 1817 1254 710 40 557
 2105 2122 2083 2232 1511 2668 2390 2191 448 1214
 1959 1881 2057 204 2600 2599 1458 2144 2153 2160
 1987 1897 207 2640 3232 2601 2654 2983 2862 2610
 2718 2609 2407 2532 2989 2834 2557 2515 2912 1525
 1452 2037 2036 2139 2814 1530 3188 2696 1299 2675
 2716 2961 2599 1542 2926 3034 2655 2736 3173 2785
 2784 1239 3055 1336 3240 3005 3548 3229 3348 3225
 2423 2820 2533 1329 1540 1328 3378 3090 3116 3236
 3116 3112 3156 3263 3726 1565 3653 3537 3168 3491
 3286 2959 2937 3102 3275 3529 3274 4055 3792 4079
 4397 3797 3681 3113 3606 3112 3575 3443 3442 3925
 3834 3979 1887 1499 1197 4376 3381 3531 3210 3424
 3280 3693 3720 4441 3553 4376 3593 3806 3692 1417
 3666 3413 3497 4093 1408 3978 1405 4179 3930 4432
 4162 4157 4097 4081 3958 4661 4654 4662 4784 4700
 4687 4753 4716 4793 4688 4634 4675 1625 4690 4690
 4691 4347 4579 4346 2050 2781 2290 1385 4675 4935
 1378 4651 1624 4631 4789 4637 4631 4652 4311 4013
 4558 4738 1619 4739 4943 4703 4817 4733 4827 4702
 4737 1622 1616 4698 4699 4769 4772 4662 4662 4691
 4932 4645 4649 4650 4846 4732 4826 4759 4850 4670
 4670 4940 4819 4784 4759 4959 4932 4781 4346 4278
 4378 4719 4629 4859 4675 4689 4928 4819 4738 4754
 4705 4820 4829 4667 166 4950 1622 1623 4932 4650
 4381 4351 4350 3794 3706 3659 4266 4265 1356 164
 4749 4701 4708 4635 4771 4978 4849 4666 4961 4663
 4375 3730 3689 4286 4220 4426 4588 4459 368 4616
 4452 3937 4306 3961 4535 4579 4581 4430 4599 4720
 3437 3415 3498 4695 4790 4929 4586 4435 4288 4992
 4714 4681 4793 4820 4746 4936 4653 4703 4702 3805
 3911 3804 4267 4340 4550 4748 4525 4808 4967 4685
 4214 4407 1620 4800 4649 4970 4941 4764 4948 4817
 4772 4729 4730 4963 4730 4695 4690 4753 4651 4702
 4946 4574 1272 4494 4962 4944 4649 1615 4781 5011
 4995 1625 4694 4695 5003 4699 4939 5003 4698 4980
 4630 4951 4693 4980 1266 4959 1265 3347 3230 3249
 4954 4730 4953 4654 4771 3858 3816 3673 4998 5015
 4687 3721 3764 4064 4663 4962 4961 4750 4983 4713
 4645 4964 5006 4650 3905 3929 4418 2174 2425 1509
 2243 2386 3964 3851 4032 5008 4768 4647 4647 4982
 4727 4703 4947 4628 4946 4948 4718 4719 4629 4731
 4628 4628 4966 4993 4634 4941 4935 4929 4852 4997
 4674 4950 4969 4949 5005 4674 4858 4940 5012 4681
 1659 4810 1154 5051 1663 4716 4524 5054 4450 5055
 1224 4754 4793 5056 3435 3056 3315 3315 1209 1211
 2699 2866 2700 2700 1213 3360 1973 5053 1907 5053
 1217 1857 4987 4502 1188 4457 4779 1191 1190 4775
 5067 1382 5066 5067 5068 5070 5069 5070 1227 4502
 1190 5068 5068 4747 5074 4853 5064 5075 1207 1131
 19 20 1110 301 1000 1080 302 1117 1084 5079
 1081 5081 1078 1001 998 53 890 904 777 1117
 303 1009 1069 5082 1037 1187 1077 1065 1024 288
 1651 127 276 277 66 17 334 1181 1685 1313
 1731 1672 283 959 982 808 103 854 929 642
 907 818 773 808 266 4869 761 728 960 277
 758 1186 1053 5101 1636 1650 5102 1649 5103 279
 980 338 756 1695 1712 5106 1654 865 996 842
 940 335 1704 1665 875 971 773 827 790 96
 699 659 1664 920 789 777 732 790 933 850
 738 908 640 1696 1006 900 804 489 223 95
 692 631 747 577 687 618 709 771 873 139
 694 5121 557 258 805 694 621 682 909 853
 742 770 1693 712 1702 820 736 1670 857 873
 1830 596 1766 695 1743 685 1738 591 5125 600
 620 668 246 1957 706 850 750 1497 1846 145
 1762 1928 1748 485 575 154 638 1756 650 647
 671 616 1989 1915 1780 207 2101 1905 653 1780
 206 1752 541 563 1836 588 5145 735 5146 571
 673 217 551 582 1741 1788 1498 1891 544 5150
 1990 1943 1825 1990 225 1879 2041 522 555 539
 1861 71 5155 530 5053 1934 2023 192 1911 497
 83 533 5159 566 5160 196 1987 1883 477 5162
 2215 433 1899 2043 1916 5164 2167 87 1995 2046
 2014 576 90 89 2109 187 1886 2103 2005 2215
 2008 5170 5167 2383 2068 5172 1868 455 1976 504
 1318 5174 1975 2001 1974 1977 5176 1913 2139 81
 1841 5178 1903 2039 1944 5180 2002 8 2175 2054
 5182 474 1479 2268 2025 5184 2272 1969 2059 2113
 2362 5186 2361 2141 2157 5188 420 2569 2387 2386
 5190 2135 2404 2158 2237 5192 4876 78 2427 2721
 2766 2596 2733 2704 3204 5196 2415 5197 2594 3048
 1326 2652 2653 5199 2740 3079 2640 4896 2708 3388
 5202 2922 4152 2769 2896 5204 375 4503 4745 4696
 4808 1205 5207 4577 4774 5208 2485 2504 2502 2502
 5194 2484 2518 2255 2348 2348 2721 2679 317 1181
 5090 1662 106 1018 1003 928 49 818 962 5218
 840 986 1199 5107 1675 268 1726 1649 1721 970
 1692 1649 834 1657 797 739 637 100 805 5129
 5121 1701 5151 219 1145 1808 1739 5147 1805 1939
 1852 2041 593 5156 5230 1886 2379 2058 2027 5232
 1924 2037 1979 1305 5234 2364 2031 2561 5236 2032
 2287 2454 5036 1471 2400 2426 5239 2224 2565 2430
 5241 2859 2755 5242 2592 2747 5201 5244 2597 2822
 5245 2833 1271 1389 374 4742 5247 1471 2306 2090
 2090 2363 2105 1639 1676 1155 1689 1026 5215 1154
 905 1218 763 1697 1704 819 721 225 1895 535
 1882 2168 92 1968 5258 2580 11 2189 5260 2069
 1126 1027 989 5256 1311 751 121 122 5214 1105
 5270 5268 5266 1105 295 59 116 1187 5274 307
 5268 5276 1187 313 1104 1084 5275 1103 5081 5280
 5282 1646 5283 5251 1074 5253 1662 1646 1078 5087
 1037 5287 1640 871 1033 1018 5215 105 5290 1662
 5285 5291 1633 1639 923 924 924 1680 985 1654
 1677 972 923 5090 1685 5221 881 1200 1703 1667
 5298 1252 1253 1849 2112 5300 1812 2219 2079 1778
 5302 1485 1489 1485 1500 1307 1966 1216 1807 1802
 5306 5267 5266 307 1115 5267 5265 122 5214 5265
 5269 5270 5274 5279 5312 1633 5313 5272 1074 5314
 924 881 986 1715 1727 5317 5318 1312 2119 102
 5319 741 1923 1738 5267 1633 5286 5282 5312 5323
 5251 5294 5087 5325 1644 1313 5297 1665 5304 1807
 1769 5328 5317 5329 1251 1181 1202 1645 5270 5272
 5279 5279 5274 5268 308 5277 5265 5266 5322 5322
 5264 5281 5334 1077 5284 5087 5088 5280 5338 1180
 1113 1118 1111 1119 21 1079 291 994 1023 860
 1120 901 946 788 829 345 964 991 913 1121
 769 898 141 826 1122 270 137 138 892 990
 1002 328 329 1059 1066 1096 121 5336 5309 1124
 1114 1107 1050 1039 1125 1012 968 1027 1126 931
 927 1127 814 979 976 144 839 339 1128 944
 676 1129 716 717 831 1130 1025 948 134 955
 992 129 1072 19 1131 311 1178 1617 4951 4980
 1266 5023 5010 5025 4954 4661 4998 5015 5030 4983
 4961 5039 5008 4945 4999 5013 5041 5044 4719 4948
 4941 4993 5046 1385 4673 1623 4950 4969 4960 4652
 4937 1618 4970 5033 4974 4955 4931 4930 4632 4967
 5019 0 1 2 3 4 5 6 7 8
 9 10 11 12 13 14 15 16 17 18
 19 20 21 22 23 24 25 26 27 28
 29 30 31 32 33 34 35 36 37 38
 39 40 41 42 43 44 45 46 47 48
 49 50 51 52 53 54 55 56 57 58
 59 60 61 62 63 64 65 66 67 68
 69 70 71 72 73 74 75 76 77 78
 79 80 81 82 83 84 85 86 87 88
 89 90 91 92 93 94 95 96 97 98
 99 100 101 102 103 104 105 106 107 108
 109 110 111 112 113 114 115 116 117 118
 119 120 121 122 123 124 125 126 127 128
 129 130 131 132 133 134 135 136 137 138
 139 140 141 142 143 144 145 146 147 148
 149 150 151 152 153 154 155 156 157 158
 159 160 161 162 163 164 165 166 167 168
 169 170 171 172 173 174 175 176 177 178
 179 180 181 182 183 184 185 186 187 188
 189 190 191 192 193 194 195 196 197 198
 199 200 201 202 203 204 205 206 207 208
 209 210 211 212 213 214 215 216 217 218
 219 220 221 222 223 224 225 226 227 228
 229 230 231 232 233 234 235 236 237 238
 239 240 241 242 243 244 245 246 247 248
 249 250 251 252 253 254 255 256 257 258
 259 260 261 262 263 264 265 266 267 268
 269 270 271 272 273 274 275 276 277 278
 279 280 281 282 283 284 285 286 287 288
 289 290 291 292 293 294 295 296 297 298
 299 300 301 302 303 304 305 306 307 308
 309 310 311 312 313 314 315 316 317 318
 319 320 321 322 323 324 325 326 327 328
 329 330 331 332 333 334 335 336 337 338
 339 340 341 342 343 344 345 346 347 348
 349 350 351 352 353 354 355 356 357 358
 359 360 361 362 363 364 365 366 367 368
 369 370 371 372 373 374 375 376 377 378
 379 380 381 382 383 384 385 386 387 388
 389 390 391 392 393 394 395 396 397 398
 399 400 401 402 403 404 405 406 407 408
 409 410 411 412 413 414 415 416 417 418
 419 420 421 422 423 424 425 426 427 428
 429 430 431 432 433 434 435 436 437 438
 439 440 441 442 443 444 445 446 447 448
 449 450 451 452 453 454 455 456 457 458
 459 460 461 462 463 464 465 466 467 468
 469 470 471 472 473 474 475 476 477 478
 479 480 481 482 483 484 485 486 487 488
 489 490 491 492 493 494 495 496 497 498
 499 500 501 502 503 504 505 506 507 508
 509 510 511 512 513 514 515 516 517 518
 519 520 521 522 523 524 525 526 527 528
 529 530 531 532 533 534 535 536 537 538
 539 540 541 542 543 544 545 546 547 548
 549 550 551 552 553 554 555 556 557 558
 559 560 561 562 563 564 565 566 567 568
 569 570 571 572 573 574 575 576 577 578
 579 580 581 582 583 584 585 586 587 588
 589 590 591 592 593 594 595 596 597 598
 599 600 601 602 603 604 605 606 607 608
 609 610 611 612 613 614 615 616 617 618
 619 620 621 622 623 624 625 626 627 628
 629 630 631 632 633 634 635 636 637 638
 639 640 641 642 643 644 645 646 647 648
 649 650 651 652 653 654 655 656 657 658
 659 660 661 662 663 664 665 666 667 668
 669 670 671 672 673 674 675 676 677 678
 679 680 681 682 683 684 685 686 687 688
 689 690 691 692 693 694 695 696 697 698
 699 700 701 702 703 704 705 706 707 708
 709 710 711 712 713 714 715 716 717 718
 719 720 721 722 723 724 725 726 727 728
 729 730 731 732 733 734 735 736 737 738
 739 740 741 742 743 744 745 746 747 748
 749 750 751 752 753 754 755 756 757 758
 759 760 761 762 763 764 765 766 767 768
 769 770 771 772 773 774 775 776 777 778
 779 780 781 782 783 784 785 786 787 788
 789 790 791 792 793 794 795 796 797 798
 799 800 801 802 803 804 805 806 807 808
 809 810 811 812 813 814 815 816 817 818
 819 820 821 822 823 824 825 826 827 828
 829 830 831 832 833 834 835 836 837 838
 839 840 841 842 843 844 845 846 847 848
 849 850 851 852 853 854 855 856 857 858
 859 860 861 862 863 864 865 866 867 868
 869 870 871 872 873 874 875 876 877 878
 879 880 881 882 883 884 885 886 887 888
 889 890 891 892 893 894 895 896 897 898
 899 900 901 902 903 904 905 906 907 908
 909 910 911 912 913 914 915 916 917 918
 919 920 921 922 923 924 925 926 927 928
 929 930 931 932 933 934 935 936 937 938
 939 940 941 942 943 944 945 946 947 948
 949 950 951 952 953 954 955 956 957 958
 959 960 961 962 963 964 965 966 967 968
 969 970 971 972 973 974 975 976 977 978
 979 980 981 982 983 984 985 986 987 988
 989 990 991 992 993 994 995 996 997 998
 999 1000 1001 1002 1003 1004 1005 1006 1007 1008
 1009 1010 1011 1012 1013 1014 1015 1016 1017 1018
 1019 1020 1021 1022 1023 1024 1025 1026 1027 1028
 1029 1030 1031 1032 1033 1034 1035 1036 1037 1038
 1039 1040 1041 1042 1043 1044 1045 1046 1047 1048
 1049 1050 1051 1052 1053 1054 1055 1056 1057 1058
 1059 1060 1061 1062 1063 1064 1065 1066 1067 1068
 1069 1070 1071 1072 1073 1074 1075 1076 1077 1078
 1079 1080 1081 1082 1083 1084 1085 1086 1087 1088
 1089 1090 1091 1092 1093 1094 1095 1096 1097 1098
 1099 1100 1101 1102 1103 1104 1105 1106 1107 1108
 1109 1110 1111 1112 1113 1114 1115 1116 1117 1118
 1119 1120 1121 1122 1123 1124 1125 1126 1127 1128
 1129 1130 1131 1132 1133 1134 1135 1136 1137 1138
 1139 1140 1141 1142 1143 1144 1145 1146 1147 1148
 1149 1150 1151 1152 1153 1154 1155 1156 1157 1158
 1159 1160 1161 1162 1163 1164 1165 1166 1167 1168
 1169 1170 1171 1172 1173 1174 1175 1176 1177 1178
 1179 1180 1181 1182 1183 1184 1185 1186 1187 1188
 1189 1190 1191 1192 1193 1194 1195 1196 1197 1198
 1199 1200 1201 1202 1203 1204 1205 1206 1207 1208
 1209 1210 1211 1212 1213 1214 1215 1216 1217 1218
 1219 1220 1221 1222 1223 1224 1225 1226 1227 1228
 1229 1230 1231 1232 1233 1234 1235 1236 1237 1238
 1239 1240 1241 1242 1243 1244 1245 1246 1247 1248
 1249 1250 1251 1252 1253 1254 1255 1256 1257 1258
 1259 1260 1261 1262 1263 1264 1265 1266 1267 1268
 1269 1270 1271 1272 1273 1274 1275 1276 1277 1278
 1279 1280 1281 1282 1283 1284 1285 1286 1287 1288
 1289 1290 1291 1292 1293 1294 1295 1296 1297 1298
 1299 1300 1301 1302 1303 1304 1305 1306 1307 1308
 1309 1310 1311 1312 1313 1314 1315 1316 1317 1318
 1319 1320 1321 1322 1323 1324 1325 1326 1327 1328
 1329 1330 1331 1332 1333 1334 1335 1336 1337 1338
 1339 1340 1341 1342 1343 1344 1345 1346 1347 1348
 1349 1350 1351 1352 1353 1354 1355 1356 1357 1358
 1359 1360 1361 1362 1363 1364 1365 1366 1367 1368
 1369 1370 1371 1372 1373 1374 1375 1376 1377 1378
 1379 1380 1381 1382 1383 1384 1385 1386 1387 1388
 1389 1390 1391 1392 1393 1394 1395 1396 1397 1398
 1399 1400 1401 1402 1403 1404 1405 1406 1407 1408
 1409 1410 1411 1412 1413 1414 1415 1416 1417 1418
 1419 1420 1421 1422 1423 1424 1425 1426 1427 1428
 1429 1430 1431 1432 1433 1434 1435 1436 1437 1438
 1439 1440 1441 1442 1443 1444 1445 1446 1447 1448
 1449 1450 1451 1452 1453 1454 1455 1456 1457 1458
 1459 1460 1461 1462 1463 1464 1465 1466 1467 1468
 1469 1470 1471 1472 1473 1474 1475 1476 1477 1478
 1479 1480 1481 1482 1483 1484 1485 1486 1487 1488
 1489 1490 1491 1492 1493 1494 1495 1496 1497 1498
 1499 1500 1501 1502 1503 1504 1505 1506 1507 1508
 1509 1510 1511 1512 1513 1514 1515 1516 1517 1518
 1519 1520 1521 1522 1523 1524 1525 1526 1527 1528
 1529 1530 1531 1532 1533 1534 1535 1536 1537 1538
 1539 1540 1541 1542 1543 1544 1545 1546 1547 1548
 1549 1550 1551 1552 1553 1554 1555 1556 1557 1558
 1559 1560 1561 1562 1563 1564 1565 1566 1567 1568
 1569 1570 1571 1572 1573 1574 1575 1576 1577 1578
 1579 1580 1581 1582 1583 1584 1585 1586 1587 1588
 1589 1590 1591 1592 1593 1594 1595 1596 1597 1598
 1599 1600 1601 1602 1603 1604 1605 1606 1607 1608
 1609 1610 1611 1612 1613 1614 1615 1616 1617 1618
 1619 1620 1621 1622 1623 1624 1625 1626 1627 1628
 1629 1630 1631 1632 1633 1634 1635 1636 1637 1638
 1639 1640 1641 1642 1643 1644 1645 1646 1647 1648
 1649 1650 1651 1652 1653 1654 1655 1656 1657 1658
 1659 1660 1661 1662 1663 1664 1665 1666 1667 1668
 1669 1670 1671 1672 1673 1674 1675 1676 1677 1678
 1679 1680 1681 1682 1683 1684 1685 1686 1687 1688
 1689 1690 1691 1692 1693 1694 1695 1696 1697 1698
 1699 1700 1701 1702 1703 1704 1705 1706 1707 1708
 1709 1710 1711 1712 1713 1714 1715 1716 1717 1718
 1719 1720 1721 1722 1723 1724 1725 1726 1727 1728
 1729 1730 1731 1732 1733 1734 1735 1736 1737 1738
 1739 1740 1741 1742 1743 1744 1745 1746 1747 1748
 1749 1750 1751 1752 1753 1754 1755 1756 1757 1758
 1759 1760 1761 1762 1763 1764 1765 1766 1767 1768
 1769 1770 1771 1772 1773 1774 1775 1776 1777 1778
 1779 1780 1781 1782 1783 1784 1785 1786 1787 1788
 1789 1790 1791 1792 1793 1794 1795 1796 1797 1798
 1799 1800 1801 1802 1803 1804 1805 1806 1807 1808
 1809 1810 1811 1812 1813 1814 1815 1816 1817 1818
 1819 1820 1821 1822 1823 1824 1825 1826 1827 1828
 1829 1830 1831 1832 1833 1834 1835 1836 1837 1838
 1839 1840 1841 1842 1843 1844 1845 1846 1847 1848
 1849 1850 1851 1852 1853 1854 1855 1856 1857 1858
 1859 1860 1861 1862 1863 1864 1865 1866 1867 1868
 1869 1870 1871 1872 1873 1874 1875 1876 1877 1878
 1879 1880 1881 1882 1883 1884 1885 1886 1887 1888
 1889 1890 1891 1892 1893 1894 1895 1896 1897 1898
 1899 1900 1901 1902 1903 1904 1905 1906 1907 1908
 1909 1910 1911 1912 1913 1914 1915 1916 1917 1918
 1919 1920 1921 1922 1923 1924 1925 1926 1927 1928
 1929 1930 1931 1932 1933 1934 1935 1936 1937 1938
 1939 1940 1941 1942 1943 1944 1945 1946 1947 1948
 1949 1950 1951 1952 1953 1954 1955 1956 1957 1958
 1959 1960 1961 1962 1963 1964 1965 1966 1967 1968
 1969 1970 1971 1972 1973 1974 1975 1976 1977 1978
 1979 1980 1981 1982 1983 1984 1985 1986 1987 1988
 1989 1990 1991 1992 1993 1994 1995 1996 1997 1998
 1999 2000 2001 2002 2003 2004 2005 2006 2007 2008
 2009 2010 2011 2012 2013 2014 2015 2016 2017 2018
 2019 2020 2021 2022 2023 2024 2025 2026 2027 2028
 2029 2030 2031 2032 2033 2034 2035 2036 2037 2038
 2039 2040 2041 2042 2043 2044 2045 2046 2047 2048
 2049 2050 2051 2052 2053 2054 2055 2056 2057 2058
 2059 2060 2061 2062 2063 2064 2065 2066 2067 2068
 2069 2070 2071 2072 2073 2074 2075 2076 2077 2078
 2079 2080 2081 2082 2083 2084 2085 2086 2087 2088
 2089 2090 2091 2092 2093 2094 2095 2096 2097 2098
 2099 2100 2101 2102 2103 2104 2105 2106 2107 2108
 2109 2110 2111 2112 2113 2114 2115 2116 2117 2118
 2119 2120 2121 2122 2123 2124 2125 2126 2127 2128
 2129 2130 2131 2132 2133 2134 2135 2136 2137 2138
 2139 2140 2141 2142 2143 2144 2145 2146 2147 2148
 2149 2150 2151 2152 2153 2154 2155 2156 2157 2158
 2159 2160 2161 2162 2163 2164 2165 2166 2167 2168
 2169 2170 2171 2172 2173 2174 2175 2176 2177 2178
 2179 2180 2181 2182 2183 2184 2185 2186 2187 2188
 2189 2190 2191 2192 2193 2194 2195 2196 2197 2198
 2199 2200 2201 2202 2203 2204 2205 2206 2207 2208
 2209 2210 2211 2212 2213 2214 2215 2216 2217 2218
 2219 2220 2221 2222 2223 2224 2225 2226 2227 2228
 2229 2230 2231 2232 2233 2234 2235 2236 2237 2238
 2239 2240 2241 2242 2243 2244 2245 2246 2247 2248
 2249 2250 2251 2252 2253 2254 2255 2256 2257 2258
 2259 2260 2261 2262 2263 2264 2265 2266 2267 2268
 2269 2270 2271 2272 2273 2274 2275 2276 2277 2278
 2279 2280 2281 2282 2283 2284 2285 2286 2287 2288
 2289 2290 2291 2292 2293 2294 2295 2296 2297 2298
 2299 2300 2301 2302 2303 2304 2305 2306 2307 2308
 2309 2310 2311 2312 2313 2314 2315 2316 2317 2318
 2319 2320 2321 2322 2323 2324 2325 2326 2327 2328
 2329 2330 2331 2332 2333 2334 2335 2336 2337 2338
 2339 2340 2341 2342 2343 2344 2345 2346 2347 2348
 2349 2350 2351 2352 2353 2354 2355 2356 2357 2358
 2359 2360 2361 2362 2363 2364 2365 2366 2367 2368
 2369 2370 2371 2372 2373 2374 2375 2376 2377 2378
 2379 2380 2381 2382 2383 2384 2385 2386 2387 2388
 2389 2390 2391 2392 2393 2394 2395 2396 2397 2398
 2399 2400 2401 2402 2403 2404 2405 2406 2407 2408
 2409 2410 2411 2412 2413 2414 2415 2416 2417 2418
 2419 2420 2421 2422 2423 2424 2425 2426 2427 2428
 2429 2430 2431 2432 2433 2434 2435 2436 2437 2438
 2439 2440 2441 2442 2443 2444 2445 2446 2447 2448
 2449 2450 2451 2452 2453 2454 2455 2456 2457 2458
 2459 2460 2461 2462 2463 2464 2465 2466 2467 2468
 2469 2470 2471 2472 2473 2474 2475 2476 2477 2478
 2479 2480 2481 2482 2483 2484 2485 2486 2487 2488
 2489 2490 2491 2492 2493 2494 2495 2496 2497 2498
 2499 2500 2501 2502 2503 2504 2505 2506 2507 2508
 2509 2510 2511 2512 2513 2514 2515 2516 2517 2518
 2519 2520 2521 2522 2523 2524 2525 2526 2527 2528
 2529 2530 2531 2532 2533 2534 2535 2536 2537 2538
 2539 2540 2541 2542 2543 2544 2545 2546 2547 2548
 2549 2550 2551 2552 2553 2554 2555 2556 2557 2558
 2559 2560 2561 2562 2563 2564 2565 2566 2567 2568
 2569 2570 2571 2572 2573 2574 2575 2576 2577 2578
 2579 2580 2581 2582 2583 2584 2585 2586 2587 2588
 2589 2590 2591 2592 2593 2594 2595 2596 2597 2598
 2599 2600 2601 2602 2603 2604 2605 2606 2607 2608
 2609 2610 2611 2612 2613 2614 2615 2616 2617 2618
 2619 2620 2621 2622 2623 2624 2625 2626 2627 2628
 2629 2630 2631 2632 2633 2634 2635 2636 2637 2638
 2639 2640 2641 2642 2643 2644 2645 2646 2647 2648
 2649 2650 2651 2652 2653 2654 2655 2656 2657 2658
 2659 2660 2661 2662 2663 2664 2665 2666 2667 2668
 2669 2670 2671 2672 2673 2674 2675 2676 2677 2678
 2679 2680 2681 2682 2683 2684 2685 2686 2687 2688
 2689 2690 2691 2692 2693 2694 2695 2696 2697 2698
 2699 2700 2701 2702 2703 2704 2705 2706 2707 2708
 2709 2710 2711 2712 2713 2714 2715 2716 2717 2718
 2719 2720 2721 2722 2723 2724 2725 2726 2727 2728
 2729 2730 2731 2732 2733 2734 2735 2736 2737 2738
 2739 2740 2741 2742 2743 2744 2745 2746 2747 2748
 2749 2750 2751 2752 2753 2754 2755 2756 2757 2758
 2759 2760 2761 2762 2763 2764 2765 2766 2767 2768
 2769 2770 2771 2772 2773 2774 2775 2776 2777 2778
 2779 2780 2781 2782 2783 2784 2785 2786 2787 2788
 2789 2790 2791 2792 2793 2794 2795 2796 2797 2798
 2799 2800 2801 2802 2803 2804 2805 2806 2807 2808
 2809 2810 2811 2812 2813 2814 2815 2816 2817 2818
 2819 2820 2821 2822 2823 2824 2825 2826 2827 2828
 2829 2830 2831 2832 2833 2834 2835 2836 2837 2838
 2839 2840 2841 2842 2843 2844 2845 2846 2847 2848
 2849 2850 2851 2852 2853 2854 2855 2856 2857 2858
 2859 2860 2861 2862 2863 2864 2865 2866 2867 2868
 2869 2870 2871 2872 2873 2874 2875 2876 2877 2878
 2879 2880 2881 2882 2883 2884 2885 2886 2887 2888
 2889 2890 2891 2892 2893 2894 2895 2896 2897 2898
 2899 2900 2901 2902 2903 2904 2905 2906 2907 2908
 2909 2910 2911 2912 2913 2914 2915 2916 2917 2918
 2919 2920 2921 2922 2923 2924 2925 2926 2927 2928
 2929 2930 2931 2932 2933 2934 2935 2936 2937 2938
 2939 2940 2941 2942 2943 2944 2945 2946 2947 2948
 2949 2950 2951 2952 2953 2954 2955 2956 2957 2958
 2959 2960 2961 2962 2963 2964 2965 2966 2967 2968
 2969 2970 2971 2972 2973 2974 2975 2976 2977 2978
 2979 2980 2981 2982 2983 2984 2985 2986 2987 2988
 2989 2990 2991 2992 2993 2994 2995 2996 2997 2998
 2999 3000 3001 3002 3003 3004 3005 3006 3007 3008
 3009 3010 3011 3012 3013 3014 3015 3016 3017 3018
 3019 3020 3021 3022 3023 3024 3025 3026 3027 3028
 3029 3030 3031 3032 3033 3034 3035 3036 3037 3038
 3039 3040 3041 3042 3043 3044 3045 3046 3047 3048
 3049 3050 3051 3052 3053 3054 3055 3056 3057 3058
 3059 3060 3061 3062 3063 3064 3065 3066 3067 3068
 3069 3070 3071 3072 3073 3074 3075 3076 3077 3078
 3079 3080 3081 3082 3083 3084 3085 3086 3087 3088
 3089 3090 3091 3092 3093 3094 3095 3096 3097 3098
 3099 3100 3101 3102 3103 3104 3105 3106 3107 3108
 3109 3110 3111 3112 3113 3114 3115 3116 3117 3118
 3119 3120 3121 3122 3123 3124 3125 3126 3127 3128
 3129 3130 3131 3132 3133 3134 3135 3136 3137 3138
 3139 3140 3141 3142 3143 3144 3145 3146 3147 3148
 3149 3150 3151 3152 3153 3154 3155 3156 3157 3158
 3159 3160 3161 3162 3163 3164 3165 3166 3167 3168
 3169 3170 3171 3172 3173 3174 3175 3176 3177 3178
 3179 3180 3181 3182 3183 3184 3185 3186 3187 3188
 3189 3190 3191 3192 3193 3194 3195 3196 3197 3198
 3199 3200 3201 3202 3203 3204 3205 3206 3207 3208
 3209 3210 3211 3212 3213 3214 3215 3216 3217 3218
 3219 3220 3221 3222 3223 3224 3225 3226 3227 3228
 3229 3230 3231 3232 3233 3234 3235 3236 3237 3238
 3239 3240 3241 3242 3243 3244 3245 3246 3247 3248
 3249 3250 3251 3252 3253 3254 3255 3256 3257 3258
 3259 3260 3261 3262 3263 3264 3265 3266 3267 3268
 3269 3270 3271 3272 3273 3274 3275 3276 3277 3278
 3279 3280 3281 3282 3283 3284 3285 3286 3287 3288
 3289 3290 3291 3292 3293 3294 3295 3296 3297 3298
 3299 3300 3301 3302 3303 3304 3305 3306 3307 3308
 3309 3310 3311 3312 3313 3314 3315 3316 3317 3318
 3319 3320 3321 3322 3323 3324 3325 3326 3327 3328
 3329 3330 3331 3332 3333 3334 3335 3336 3337 3338
 3339 3340 3341 3342 3343 3344 3345 3346 3347 3348
 3349 3350 3351 3352 3353 3354 3355 3356 3357 3358
 3359 3360 3361 3362 3363 3364 3365 3366 3367 3368
 3369 3370 3371 3372 3373 3374 3375 3376 3377 3378
 3379 3380 3381 3382 3383 3384 3385 3386 3387 3388
 3389 3390 3391 3392 3393 3394 3395 3396 3397 3398
 3399 3400 3401 3402 3403 3404 3405 3406 3407 3408
 3409 3410 3411 3412 3413 3414 3415 3416 3417 3418
 3419 3420 3421 3422 3423 3424 3425 3426 3427 3428
 3429 3430 3431 3432 3433 3434 3435 3436 3437 3438
 3439 3440 3441 3442 3443 3444 3445 3446 3447 3448
 3449 3450 3451 3452 3453 3454 3455 3456 3457 3458
 3459 3460 3461 3462 3463 3464 3465 3466 3467 3468
 3469 3470 3471 3472 3473 3474 3475 3476 3477 3478
 3479 3480 3481 3482 3483 3484 3485 3486 3487 3488
 3489 3490 3491 3492 3493 3494 3495 3496 3497 3498
 3499 3500 3501 3502 3503 3504 3505 3506 3507 3508
 3509 3510 3511 3512 3513 3514 3515 3516 3517 3518
 3519 3520 3521 3522 3523 3524 3525 3526 3527 3528
 3529 3530 3531 3532 3533 3534 3535 3536 3537 3538
 3539 3540 3541 3542 3543 3544 3545 3546 3547 3548
 3549 3550 3551 3552 3553 3554 3555 3556 3557 3558
 3559 3560 3561 3562 3563 3564 3565 3566 3567 3568
 3569 3570 3571 3572 3573 3574 3575 3576 3577 3578
 3579 3580 3581 3582 3583 3584 3585 3586 3587 3588
 3589 3590 3591 3592 3593 3594 3595 3596 3597 3598
 3599 3600 3601 3602 3603 3604 3605 3606 3607 3608
 3609 3610 3611 3612 3613 3614 3615 3616 3617 3618
 3619 3620 3621 3622 3623 3624 3625 3626 3627 3628
 3629 3630 3631 3632 3633 3634 3635 3636 3637 3638
 3639 3640 3641 3642 3643 3644 3645 3646 3647 3648
 3649 3650 3651 3652 3653 3654 3655 3656 3657 3658
 3659 3660 3661 3662 3663 3664 3665 3666 3667 3668
 3669 3670 3671 3672 3673 3674 3675 3676 3677 3678
 3679 3680 3681 3682 3683 3684 3685 3686 3687 3688
 3689 3690 3691 3692 3693 3694 3695 3696 3697 3698
 3699 3700 3701 3702 3703 3704 3705 3706 3707 3708
 3709 3710 3711 3712 3713 3714 3715 3716 3717 3718
 3719 3720 3721 3722 3723 3724 3725 3726 3727 3728
 3729 3730 3731 3732 3733 3734 3735 3736 3737 3738
 3739 3740 3741 3742 3743 3744 3745 3746 3747 3748
 3749 3750 3751 3752 3753 3754 3755 3756 3757 3758
 3759 3760 3761 3762 3763 3764 3765 3766 3767 3768
 3769 3770 3771 3772 3773 3774 3775 3776 3777 3778
 3779 3780 3781 3782 3783 3784 3785 3786 3787 3788
 3789 3790 3791 3792 3793 3794 3795 3796 3797 3798
 3799 3800 3801 3802 3803 3804 3805 3806 3807 3808
 3809 3810 3811 3812 3813 3814 3815 3816 3817 3818
 3819 3820 3821 3822 3823 3824 3825 3826 3827 3828
 3829 3830 3831 3832 3833 3834 3835 3836 3837 3838
 3839 3840 3841 3842 3843 3844 3845 3846 3847 3848
 3849 3850 3851 3852 3853 3854 3855 3856 3857 3858
 3859 3860 3861 3862 3863 3864 3865 3866 3867 3868
 3869 3870 3871 3872 3873 3874 3875 3876 3877 3878
 3879 3880 3881 3882 3883 3884 3885 3886 3887 3888
 3889 3890 3891 3892 3893 3894 3895 3896 3897 3898
 3899 3900 3901 3902 3903 3904 3905 3906 3907 3908
 3909 3910 3911 3912 3913 3914 3915 3916 3917 3918
 3919 3920 3921 3922 3923 3924 3925 3926 3927 3928
 3929 3930 3931 3932 3933 3934 3935 3936 3937 3938
 3939 3940 3941 3942 3943 3944 3945 3946 3947 3948
 3949 3950 3951 3952 3953 3954 3955 3956 3957 3958
 3959 3960 3961 3962 3963 3964 3965 3966 3967 3968
 3969 3970 3971 3972 3973 3974 3975 3976 3977 3978
 3979 3980 3981 3982 3983 3984 3985 3986 3987 3988
 3989 3990 3991 3992 3993 3994 3995 3996 3997 3998
 3999 4000 4001 4002 4003 4004 4005 4006 4007 4008
 4009 4010 4011 4012 4013 4014 4015 4016 4017 4018
 4019 4020 4021 4022 4023 4024 4025 4026 4027 4028
 4029 4030 4031 4032 4033 4034 4035 4036 4037 4038
 4039 4040 4041 4042 4043 4044 4045 4046 4047 4048
 4049 4050 4051 4052 4053 4054 4055 4056 4057 4058
 4059 4060 4061 4062 4063 4064 4065 4066 4067 4068
 4069 4070 4071 4072 4073 4074 4075 4076 4077 4078
 4079 4080 4081 4082 4083 4084 4085 4086 4087 4088
 4089 4090 4091 4092 4093 4094 4095 4096 4097 4098
 4099 4100 4101 4102 4103 4104 4105 4106 4107 4108
 4109 4110 4111 4112 4113 4114 4115 4116 4117 4118
 4119 4120 4121 4122 4123 4124 4125 4126 4127 4128
 4129 4130 4131 4132 4133 4134 4135 4136 4137 4138
 4139 4140 4141 4142 4143 4144 4145 4146 4147 4148
 4149 4150 4151 4152 4153 4154 4155 4156 4157 4158
 4159 4160 4161 4162 4163 4164 4165 4166 4167 4168
 4169 4170 4171 4172 4173 4174 4175 4176 4177 4178
 4179 4180 4181 4182 4183 4184 4185 4186 4187 4188
 4189 4190 4191 4192 4193 4194 4195 4196 4197 4198
 4199 4200 4201 4202 4203 4204 4205 4206 4207 4208
 4209 4210 4211 4212 4213 4214 4215 4216 4217 4218
 4219 4220 4221 4222 4223 4224 4225 4226 4227 4228
 4229 4230 4231 4232 4233 4234 4235 4236 4237 4238
 4239 4240 4241 4242 4243 4244 4245 4246 4247 4248
 4249 4250 4251 4252 4253 4254 4255 4256 4257 4258
 4259 4260 4261 4262 4263 4264 4265 4266 4267 4268
 4269 4270 4271 4272 4273 4274 4275 4276 4277 4278
 4279 4280 4281 4282 4283 4284 4285 4286 4287 4288
 4289 4290 4291 4292 4293 4294 4295 4296 4297 4298
 4299 4300 4301 4302 4303 4304 4305 4306 4307 4308
 4309 4310 4311 4312 4313 4314 4315 4316 4317 4318
 4319 4320 4321 4322 4323 4324 4325 4326 4327 4328
 4329 4330 4331 4332 4333 4334 4335 4336 4337 4338
 4339 4340 4341 4342 4343 4344 4345 4346 4347 4348
 4349 4350 4351 4352 4353 4354 4355 4356 4357 4358
 4359 4360 4361 4362 4363 4364 4365 4366 4367 4368
 4369 4370 4371 4372 4373 4374 4375 4376 4377 4378
 4379 4380 4381 4382 4383 4384 4385 4386 4387 4388
 4389 4390 4391 4392 4393 4394 4395 4396 4397 4398
 4399 4400 4401 4402 4403 4404 4405 4406 4407 4408
 4409 4410 4411 4412 4413 4414 4415 4416 4417 4418
 4419 4420 4421 4422 4423 4424 4425 4426 4427 4428
 4429 4430 4431 4432 4433 4434 4435 4436 4437 4438
 4439 4440 4441 4442 4443 4444 4445 4446 4447 4448
 4449 4450 4451 4452 4453 4454 4455 4456 4457 4458
 4459 4460 4461 4462 4463 4464 4465 4466 4467 4468
 4469 4470 4471 4472 4473 4474 4475 4476 4477 4478
 4479 4480 4481 4482 4483 4484 4485 4486 4487 4488
 4489 4490 4491 4492 4493 4494 4495 4496 4497 4498
 4499 4500 4501 4502 4503 4504 4505 4506 4507 4508
 4509 4510 4511 4512 4513 4514 4515 4516 4517 4518
 4519 4520 4521 4522 4523 4524 4525 4526 4527 4528
 4529 4530 4531 4532 4533 4534 4535 4536 4537 4538
 4539 4540 4541 4542 4543 4544 4545 4546 4547 4548
 4549 4550 4551 4552 4553 4554 4555 4556 4557 4558
 4559 4560 4561 4562 4563 4564 4565 4566 4567 4568
 4569 4570 4571 4572 4573 4574 4575 4576 4577 4578
 4579 4580 4581 4582 4583 4584 4585 4586 4587 4588
 4589 4590 4591 4592 4593 4594 4595 4596 4597 4598
 4599 4600 4601 4602 4603 4604 4605 4606 4607 4608
 4609 4610 4611 4612 4613 4614 4615 4616 4617 4618
 4619 4620 4621 4622 4623 4624 4625 4626 4627 4628
 4629 4630 4631 4632 4633 4634 4635 4636 4637 4638
 4639 4640 4641 4642 4643 4644 4645 4646 4647 4648
 4649 4650 4651 4652 4653 4654 4655 4656 4657 4658
 4659 4660 4661 4662 4663 4664 4665 4666 4667 4668
 4669 4670 4671 4672 4673 4674 4675 4676 4677 4678
 4679 4680 4681 4682 4683 4684 4685 4686 4687 4688
 4689 4690 4691 4692 4693 4694 4695 4696 4697 4698
 4699 4700 4701 4702 4703 4704 4705 4706 4707 4708
 4709 4710 4711 4712 4713 4714 4715 4716 4717 4718
 4719 4720 4721 4722 4723 4724 4725 4726 4727 4728
 4729 4730 4731 4732 4733 4734 4735 4736 4737 4738
 4739 4740 4741 4742 4743 4744 4745 4746 4747 4748
 4749 4750 4751 4752 4753 4754 4755 4756 4757 4758
 4759 4760 4761 4762 4763 4764 4765 4766 4767 4768
 4769 4770 4771 4772 4773 4774 4775 4776 4777 4778
 4779 4780 4781 4782 4783 4784 4785 4786 4787 4788
 4789 4790 4791 4792 4793 4794 4795 4796 4797 4798
 4799 4800 4801 4802 4803 4804 4805 4806 4807 4808
 4809 4810 4811 4812 4813 4814 4815 4816 4817 4818
 4819 4820 4821 4822 4823 4824 4825 4826 4827 4828
 4829 4830 4831 4832 4833 4834 4835 4836 4837 4838
 4839 4840 4841 4842 4843 4844 4845 4846 4847 4848
 4849 4850 4851 4852 4853 4854 4855 4856 4857 4858
 4859 4860 4861 4862 4863 4864 4865 4866 4867 4868
 4869 4870 4871 4872 4873 4874 4875 4876 4877 4878
 4879 4880 4881 4882 4883 4884 4885 4886 4887 4888
 4889 4890 4891 4892 4893 4894 4895 4896 4897 4898
 4899 4900 4901 4902 4903 4904 4905 4906 4907 4908
 4909 4910 4911 4912 4913 4914 4915 4916 4917 4918
 4919 4920 4921 4922 4923 4924 4925 4926 4927 4928
 4929 4930 4931 4932 4933 4934 4935 4936 4937 4938
 4939 4940 4941 4942 4943 4944 4945 4946 4947 4948
 4949 4950 4951 4952 4953 4954 4955 4956 4957 4958
 4959 4960 4961 4962 4963 4964 4965 4966 4967 4968
 4969 4970 4971 4972 4973 4974 4975 4976 4977 4978
 4979 4980 4981 4982 4983 4984 4985 4986 4987 4988
 4989 4990 4991 4992 4993 4994 4995 4996 4997 4998
 4999 5000 5001 5002 5003 5004 5005 5006 5007 5008
 5009 5010 5011 5012 5013 5014 5015 5016 5017 5018
 5019 5020 5021 5022 5023 5024 5025 5026 5027 5028
 5029 5030 5031 5032 5033 5034 5035 5036 5037 5038
 5039 5040 5041 5042 5043 5044 5045 5046 5047 5048
 5049 5050 5051 5052 5053 5054 5055 5056 5057 5058
 5059 5060 5061 5062 5063 5064 5065 5066 5067 5068
 5069 5070 5071 5072 5073 5074 5075 5076 5077 5078
 5079 5080 5081 5082 5083 5084 5085 5086 5087 5088
 5089 5090 5091 5092 5093 5094 5095 5096 5097 5098
 5099 5100 5101 5102 5103 5104 5105 5106 5107 5108
 5109 5110 5111 5112 5113 5114 5115 5116 5117 5118
 5119 5120 5121 5122 5123 5124 5125 5126 5127 5128
 5129 5130 5131 5132 5133 5134 5135 5136 5137 5138
 5139 5140 5141 5142 5143 5144 5145 5146 5147 5148
 5149 5150 5151 5152 5153 5154 5155 5156 5157 5158
 5159 5160 5161 5162 5163 5164 5165 5166 5167 5168
 5169 5170 5171 5172 5173 5174 5175 5176 5177 5178
 5179 5180 5181 5182 5183 5184 5185 5186 5187 5188
 5189 5190 5191 5192 5193 5194 5195 5196 5197 5198
 5199 5200 5201 5202 5203 5204 5205 5206 5207 5208
 5209 5210 5211 5212 5213 5214 5215 5216 5217 5218
 5219 5220 5221 5222 5223 5224 5225 5226 5227 5228
 5229 5230 5231 5232 5233 5234 5235 5236 5237 5238
 5239 5240 5241 5242 5243 5244 5245 5246 5247 5248
 5249 5250 5251 5252 5253 5254 5255 5256 5257 5258
 5259 5260 5261 5262 5263 5264 5265 5266 5267 5268
 5269 5270 5271 5272 5273 5274 5275 5276 5277 5278
 5279 5280 5281 5282 5283 5284 5285 5286 5287 5288
 5289 5290 5291 5292 5293 5294 5295 5296 5297 5298
 5299 5300 5301 5302 5303 5304 5305 5306 5307 5308
 5309 5310 5311 5312 5313 5314 5315 5316 5317 5318
 5319 5320 5321 5322 5323 5324 5325 5326 5327 5328
 5329 5330 5331 5332 5333 5334 5335 5336 5337 5338
 5339 0 1 2 3 4 5 6 7 8
 9 10 11 12 13 14 15 16 17 18
 19 20 21 22 23 24 25 26 27 28
 29 30 31 32 33 34 35 36 37 38
 39 40 41 42 43 44 45 46 47 48
 49 50 51 52 53 54 55 56 57 58
 59 60 61 62 63 64 65 66 67 68
 69 70 71 72 73 74 75 76 77 78
 79 80 81 82 83 84 85 86 87 88
 89 90 91 92 93 94 95 96 97 98
 99 100 101 102 103 104 105 106 107 108
 109 110 111 112 113 114 115 116 117 118
 119 120 121 122 123 124 125 126 127 128
 129 130 131 132 133 134 135 136 137 138
 139 140 141 142 143 144 145 146 147 148
 149 150 151 152 153 154 155 156 157 158
 159 160 161 162 163 164 165 166 167 168
 169 170 171 172 173 174 175 176 177 178
 179 180 181 182 183 184 185 186 187 188
 189 190 191 192 193 194 195 196 197 198
 199 200 201 202 203 204 205 206 207 208
 209 210 211 212 213 214 215 216 217 218
 219 220 221 222 223 224 225 226 227 228
 229 230 231 232 233 234 235 236 237 238
 239 240 241 242 243 244 245 246 247 248
 249 250 251 252 253 254 255 256 257 258
 259 260 261 262 263 264 265 266 267 268
 269 270 271 272 273 274 275 276 277 278
 279 280 281 282 283 284 285 286 287 288
 289 290 291 292 293 294 295 296 297 298
 299 300 301 302 303 304 305 306 307 308
 309 310 311 312 313 314 315 316 317 318
 319 320 321 322 323 324 325 326 327 328
 329 330 331 332 333 334 335 336 337 338
 339 340 341 342 343 344 345 346 347 348
 349 350 351 352 353 354 355 356 357 358
 359 360 361 362 363 364 365 366 367 368
 369 370 371 372 373 374 375 376 377 378
 379 380 381 382 383 384 385 386 387 388
 389 390 391 392 393 394 395 396 397 398
 399 400 401 402 403 404 405 406 407 408
 409 410 411 412 413 414 415 416 417 418
 419 420 421 422 423 424 425 426 427 428
 429 430 431 432 433 434 435 436 437 438
 439 440 441 442 443 444 445 446 447 448
 449 450 451 452 453 454 455 456 457 458
 459 460 461 462 463 464 465 466 467 468
 469 470 471 472 473 474 475 476 477 478
 479 480 481 482 483 484 485 486 487 488
 489 490 491 492 493 494 495 496 497 498
 499 500 501 502 503 504 505 506 507 508
 509 510 511 512 513 514 515 516 517 518
 519 520 521 522 523 524 525 526 527 528
 529 530 531 532 533 534 535 536 537 538
 539 540 541 542 543 544 545 546 547 548
 549 550 551 552 553 554 555 556 557 558
 559 560 561 562 563 564 565 566 567 568
 569 570 571 572 573 574 575 576 577 578
 579 580 581 582 583 584 585 586 587 588
 589 590 591 592 593 594 595 596 597 598
 599 600 601 602 603 604 605 606 607 608
 609 610 611 612 613 614 615 616 617 618
 619 620 621 622 623 624 625 626 627 628
 629 630 631 632 633 634 635 636 637 638
 639 640 641 642 643 644 645 646 647 648
 649 650 651 652 653 654 655 656 657 658
 659 660 661 662 663 664 665 666 667 668
 669 670 671 672 673 674 675 676 677 678
 679 680 681 682 683 684 685 686 687 688
 689 690 691 692 693 694 695 696 697 698
 699 700 701 702 703 704 705 706 707 708
 709 710 711 712 713 714 715 716 717 718
 719 720 721 722 723 724 725 726 727 728
 729 730 731 732 733 734 735 736 737 738
 739 740 741 742 743 744 745 746 747 748
 749 750 751 752 753 754 755 756 757 758
 759 760 761 762 763 764 765 766 767 768
 769 770 771 772 773 774 775 776 777 778
 779 780 781 782 783 784 785 786 787 788
 789 790 791 792 793 794 795 796 797 798
 799 800 801 802 803 804 805 806 807 808
 809 810 811 812 813 814 815 816 817 818
 819 820 821 822 823 824 825 826 827 828
 829 830 831 832 833 834 835 836 837 838
 839 840 841 842 843 844 845 846 847 848
 849 850 851 852 853 854 855 856 857 858
 859 860 861 862 863 864 865 866 867 868
 869 870 871 872 873 874 875 876 877 878
 879 880 881 882 883 884 885 886 887 888
 889 890 891 892 893 894 895 896 897 898
 899 900 901 902 903 904 905 906 907 908
 909 910 911 912 913 914 915 916 917 918
 919 920 921 922 923 924 925 926 927 928
 929 930 931 932 933 934 935 936 937 938
 939 940 941 942 943 944 945 946 947 948
 949 950 951 952 953 954 955 956 957 958
 959 960 961 962 963 964 965 966 967 968
 969 970 971 972 973 974 975 976 977 978
 979 980 981 982 983 984 985 986 987 988
 989 990 991 992 993 994 995 996 997 998
 999 1000 1001 1002 1003 1004 1005 1006 1007 1008
 1009 1010 1011 1012 1013 1014 1015 1016 1017 1018
 1019 1020 1021 1022 1023 1024 1025 1026 1027 1028
 1029 1030 1031 1032 1033 1034 1035 1036 1037 1038
 1039 1040 1041 1042 1043 1044 1045 1046 1047 1048
 1049 1050 1051 1052 1053 1054 1055 1056 1057 1058
 1059 1060 1061 1062 1063 1064 1065 1066 1067 1068
 1069 1070 1071 1072 1073 1074 1075 1076 1077 1078
 1079 1080 1081 1082 1083 1084 1085 1086 1087 1088
 1089 1090 1091 1092 1093 1094 1095 1096 1097 1098
 1099 1100 1101 1102 1103 1104 1105 1106 1107 1108
 1109 1110 1111 1112 1113 1114 1115 1116 1117 1118
 1119 1120 1121 1122 1123 1124 1125 1126 1127 1128
 1129 1130 1131 1132 1133 1134 1135 1136 1137 1138
 1139 1140 1141 1142 1143 1144 1145 1146 1147 1148
 1149 1150 1151 1152 1153 1154 1155 1156 1157 1158
 1159 1160 1161 1162 1163 1164 1165 1166 1167 1168
 1169 1170 1171 1172 1173 1174 1175 1176 1177 1178
 1179 1180 1181 1182 1183 1184 1185 1186 1187 1188
 1189 1190 1191 1192 1193 1194 1195 1196 1197 1198
 1199 1200 1201 1202 1203 1204 1205 1206 1207 1208
 1209 1210 1211 1212 1213 1214 1215 1216 1217 1218
 1219 1220 1221 1222 1223 1224 1225 1226 1227 1228
 1229 1230 1231 1232 1233 1234 1235 1236 1237 1238
 1239 1240 1241 1242 1243 1244 1245 1246 1247 1248
 1249 1250 1251 1252 1253 1254 1255 1256 1257 1258
 1259 1260 1261 1262 1263 1264 1265 1266 1267 1268
 1269 1270 1271 1272 1273 1274 1275 1276 1277 1278
 1279 1280 1281 1282 1283 1284 1285 1286 1287 1288
 1289 1290 1291 1292 1293 1294 1295 1296 1297 1298
 1299 1300 1301 1302 1303 1304 1305 1306 1307 1308
 1309 1310 1311 1312 1313 1314 1315 1316 1317 1318
 1319 1320 1321 1322 1323 1324 1325 1326 1327 1328
 1329 1330 1331 1332 1333 1334 1335 1336 1337 1338
 1339 1340 1341 1342 1343 1344 1345 1346 1347 1348
 1349 1350 1351 1352 1353 1354 1355 1356 1357 1358
 1359 1360 1361 1362 1363 1364 1365 1366 1367 1368
 1369 1370 1371 1372 1373 1374 1375 1376 1377 1378
 1379 1380 1381 1382 1383 1384 1385 1386 1387 1388
 1389 1390 1391 1392 1393 1394 1395 1396 1397 1398
 1399 1400 1401 1402 1403 1404 1405 1406 1407 1408
 1409 1410 1411 1412 1413 1414 1415 1416 1417 1418
 1419 1420 1421 1422 1423 1424 1425 1426 1427 1428
 1429 1430 1431 1432 1433 1434 1435 1436 1437 1438
 1439 1440 1441 1442 1443 1444 1445 1446 1447 1448
 1449 1450 1451 1452 1453 1454 1455 1456 1457 1458
 1459 1460 1461 1462 1463 1464 1465 1466 1467 1468
 1469 1470 1471 1472 1473 1474 1475 1476 1477 1478
 1479 1480 1481 1482 1483 1484 1485 1486 1487 1488
 1489 1490 1491 1492 1493 1494 1495 1496 1497 1498
 1499 1500 1501 1502 1503 1504 1505 1506 1507 1508
 1509 1510 1511 1512 1513 1514 1515 1516 1517 1518
 1519 1520 1521 1522 1523 1524 1525 1526 1527 1528
 1529 1530 1531 1532 1533 1534 1535 1536 1537 1538
 1539 1540 1541 1542 1543 1544 1545 1546 1547 1548
 1549 1550 1551 1552 1553 1554 1555 1556 1557 1558
 1559 1560 1561 1562 1563 1564 1565 1566 1567 1568
 1569 1570 1571 1572 1573 1574 1575 1576 1577 1578
 1579 1580 1581 1582 1583 1584 1585 1586 1587 1588
 1589 1590 1591 1592 1593 1594 1595 1596 1597 1598
 1599 1600 1601 1602 1603 1604 1605 1606 1607 1608
 1609 1610 1611 1612 1613 1614 1615 1616 1617 1618
 1619 1620 1621 1622 1623 1624 1625 1626 1627 1628
 1629 1630 1631 1632 1633 1634 1635 1636 1637 1638
 1639 1640 1641 1642 1643 1644 1645 1646 1647 1648
 1649 1650 1651 1652 1653 1654 1655 1656 1657 1658
 1659 1660 1661 1662 1663 1664 1665 1666 1667 1668
 1669 1670 1671 1672 1673 1674 1675 1676 1677 1678
 1679 1680 1681 1682 1683 1684 1685 1686 1687 1688
 1689 1690 1691 1692 1693 1694 1695 1696 1697 1698
 1699 1700 1701 1702 1703 1704 1705 1706 1707 1708
 1709 1710 1711 1712 1713 1714 1715 1716 1717 1718
 1719 1720 1721 1722 1723 1724 1725 1726 1727 1728
 1729 1730 1731 1732 1733 1734 1735 1736 1737 1738
 1739 1740 1741 1742 1743 1744 1745 1746 1747 1748
 1749 1750 1751 1752 1753 1754 1755 1756 1757 1758
 1759 1760 1761 1762 1763 1764 1765 1766 1767 1768
 1769 1770 1771 1772 1773 1774 1775 1776 1777 1778
 1779 1780 1781 1782 1783 1784 1785 1786 1787 1788
 1789 1790 1791 1792 1793 1794 1795 1796 1797 1798
 1799 1800 1801 1802 1803 1804 1805 1806 1807 1808
 1809 1810 1811 1812 1813 1814 1815 1816 1817 1818
 1819 1820 1821 1822 1823 1824 1825 1826 1827 1828
 1829 1830 1831 1832 1833 1834 1835 1836 1837 1838
 1839 1840 1841 1842 1843 1844 1845 1846 1847 1848
 1849 1850 1851 1852 1853 1854 1855 1856 1857 1858
 1859 1860 1861 1862 1863 1864 1865 1866 1867 1868
 1869 1870 1871 1872 1873 1874 1875 1876 1877 1878
 1879 1880 1881 1882 1883 1884 1885 1886 1887 1888
 1889 1890 1891 1892 1893 1894 1895 1896 1897 1898
 1899 1900 1901 1902 1903 1904 1905 1906 1907 1908
 1909 1910 1911 1912 1913 1914 1915 1916 1917 1918
 1919 1920 1921 1922 1923 1924 1925 1926 1927 1928
 1929 1930 1931 1932 1933 1934 1935 1936 1937 1938
 1939 1940 1941 1942 1943 1944 1945 1946 1947 1948
 1949 1950 1951 1952 1953 1954 1955 1956 1957 1958
 1959 1960 1961 1962 1963 1964 1965 1966 1967 1968
 1969 1970 1971 1972 1973 1974 1975 1976 1977 1978
 1979 1980 1981 1982 1983 1984 1985 1986 1987 1988
 1989 1990 1991 1992 1993 1994 1995 1996 1997 1998
 1999 2000 2001 2002 2003 2004 2005 2006 2007 2008
 2009 2010 2011 2012 2013 2014 2015 2016 2017 2018
 2019 2020 2021 2022 2023 2024 2025 2026 2027 2028
 2029 2030 2031 2032 2033 2034 2035 2036 2037 2038
 2039 2040 2041 2042 2043 2044 2045 2046 2047 2048
 2049 2050 2051 2052 2053 2054 2055 2056 2057 2058
 2059 2060 2061 2062 2063 2064 2065 2066 2067 2068
 2069 2070 2071 2072 2073 2074 2075 2076 2077 2078
 2079 2080 2081 2082 2083 2084 2085 2086 2087 2088
 2089 2090 2091 2092 2093 2094 2095 2096 2097 2098
 2099 2100 2101 2102 2103 2104 2105 2106 2107 2108
 2109 2110 2111 2112 2113 2114 2115 2116 2117 2118
 2119 2120 2121 2122 2123 2124 2125 2126 2127 2128
 2129 2130 2131 2132 2133 2134 2135 2136 2137 2138
 2139 2140 2141 2142 2143 2144 2145 2146 2147 2148
 2149 2150 2151 2152 2153 2154 2155 2156 2157 2158
 2159 2160 2161 2162 2163 2164 2165 2166 2167 2168
 2169 2170 2171 2172 2173 2174 2175 2176 2177 2178
 2179 2180 2181 2182 2183 2184 2185 2186 2187 2188
 2189 2190 2191 2192 2193 2194 2195 2196 2197 2198
 2199 2200 2201 2202 2203 2204 2205 2206 2207 2208
 2209 2210 2211 2212 2213 2214 2215 2216 2217 2218
 2219 2220 2221 2222 2223 2224 2225 2226 2227 2228
 2229 2230 2231 2232 2233 2234 2235 2236 2237 2238
 2239 2240 2241 2242 2243 2244 2245 2246 2247 2248
 2249 2250 2251 2252 2253 2254 2255 2256 2257 2258
 2259 2260 2261 2262 2263 2264 2265 2266 2267 2268
 2269 2270 2271 2272 2273 2274 2275 2276 2277 2278
 2279 2280 2281 2282 2283 2284 2285 2286 2287 2288
 2289 2290 2291 2292 2293 2294 2295 2296 2297 2298
 2299 2300 2301 2302 2303 2304 2305 2306 2307 2308
 2309 2310 2311 2312 2313 2314 2315 2316 2317 2318
 2319 2320 2321 2322 2323 2324 2325 2326 2327 2328
 2329 2330 2331 2332 2333 2334 2335 2336 2337 2338
 2339 2340 2341 2342 2343 2344 2345 2346 2347 2348
 2349 2350 2351 2352 2353 2354 2355 2356 2357 2358
 2359 2360 2361 2362 2363 2364 2365 2366 2367 2368
 2369 2370 2371 2372 2373 2374 2375 2376 2377 2378
 2379 2380 2381 2382 2383 2384 2385 2386 2387 2388
 2389 2390 2391 2392 2393 2394 2395 2396 2397 2398
 2399 2400 2401 2402 2403 2404 2405 2406 2407 2408
 2409 2410 2411 2412 2413 2414 2415 2416 2417 2418
 2419 2420 2421 2422 2423 2424 2425 2426 2427 2428
 2429 2430 2431 2432 2433 2434 2435 2436 2437 2438
 2439 2440 2441 2442 2443 2444 2445 2446 2447 2448
 2449 2450 2451 2452 2453 2454 2455 2456 2457 2458
 2459 2460 2461 2462 2463 2464 2465 2466 2467 2468
 2469 2470 2471 2472 2473 2474 2475 2476 2477 2478
 2479 2480 2481 2482 2483 2484 2485 2486 2487 2488
 2489 2490 2491 2492 2493 2494 2495 2496 2497 2498
 2499 2500 2501 2502 2503 2504 2505 2506 2507 2508
 2509 2510 2511 2512 2513 2514 2515 2516 2517 2518
 2519 2520 2521 2522 2523 2524 2525 2526 2527 2528
 2529 2530 2531 2532 2533 2534 2535 2536 2537 2538
 2539 2540 2541 2542 2543 2544 2545 2546 2547 2548
 2549 2550 2551 2552 2553 2554 2555 2556 2557 2558
 2559 2560 2561 2562 2563 2564 2565 2566 2567 2568
 2569 2570 2571 2572 2573 2574 2575 2576 2577 2578
 2579 2580 2581 2582 2583 2584 2585 2586 2587 2588
 2589 2590 2591 2592 2593 2594 2595 2596 2597 2598
 2599 2600 2601 2602 2603 2604 2605 2606 2607 2608
 2609 2610 2611 2612 2613 2614 2615 2616 2617 2618
 2619 2620 2621 2622 2623 2624 2625 2626 2627 2628
 2629 2630 2631 2632 2633 2634 2635 2636 2637 2638
 2639 2640 2641 2642 2643 2644 2645 2646 2647 2648
 2649 2650 2651 2652 2653 2654 2655 2656 2657 2658
 2659 2660 2661 2662 2663 2664 2665 2666 2667 2668
 2669 2670 2671 2672 2673 2674 2675 2676 2677 2678
 2679 2680 2681 2682 2683 2684 2685 2686 2687 2688
 2689 2690 2691 2692 2693 2694 2695 2696 2697 2698
 2699 2700 2701 2702 2703 2704 2705 2706 2707 2708
 2709 2710 2711 2712 2713 2714 2715 2716 2717 2718
 2719 2720 2721 2722 2723 2724 2725 2726 2727 2728
 2729 2730 2731 2732 2733 2734 2735 2736 2737 2738
 2739 2740 2741 2742 2743 2744 2745 2746 2747 2748
 2749 2750 2751 2752 2753 2754 2755 2756 2757 2758
 2759 2760 2761 2762 2763 2764 2765 2766 2767 2768
 2769 2770 2771 2772 2773 2774 2775 2776 2777 2778
 2779 2780 2781 2782 2783 2784 2785 2786 2787 2788
 2789 2790 2791 2792 2793 2794 2795 2796 2797 2798
 2799 2800 2801 2802 2803 2804 2805 2806 2807 2808
 2809 2810 2811 2812 2813 2814 2815 2816 2817 2818
 2819 2820 2821 2822 2823 2824 2825 2826 2827 2828
 2829 2830 2831 2832 2833 2834 2835 2836 2837 2838
 2839 2840 2841 2842 2843 2844 2845 2846 2847 2848
 2849 2850 2851 2852 2853 2854 2855 2856 2857 2858
 2859 2860 2861 2862 2863 2864 2865 2866 2867 2868
 2869 2870 2871 2872 2873 2874 2875 2876 2877 2878
 2879 2880 2881 2882 2883 2884 2885 2886 2887 2888
 2889 2890 2891 2892 2893 2894 2895 2896 2897 2898
 2899 2900 2901 2902 2903 2904 2905 2906 2907 2908
 2909 2910 2911 2912 2913 2914 2915 2916 2917 2918
 2919 2920 2921 2922 2923 2924 2925 2926 2927 2928
 2929 2930 2931 2932 2933 2934 2935 2936 2937 2938
 2939 2940 2941 2942 2943 2944 2945 2946 2947 2948
 2949 2950 2951 2952 2953 2954 2955 2956 2957 2958
 2959 2960 2961 2962 2963 2964 2965 2966 2967 2968
 2969 2970 2971 2972 2973 2974 2975 2976 2977 2978
 2979 2980 2981 2982 2983 2984 2985 2986 2987 2988
 2989 2990 2991 2992 2993 2994 2995 2996 2997 2998
 2999 3000 3001 3002 3003 3004 3005 3006 3007 3008
 3009 3010 3011 3012 3013 3014 3015 3016 3017 3018
 3019 3020 3021 3022 3023 3024 3025 3026 3027 3028
 3029 3030 3031 3032 3033 3034 3035 3036 3037 3038
 3039 3040 3041 3042 3043 3044 3045 3046 3047 3048
 3049 3050 3051 3052 3053 3054 3055 3056 3057 3058
 3059 3060 3061 3062 3063 3064 3065 3066 3067 3068
 3069 3070 3071 3072 3073 3074 3075 3076 3077 3078
 3079 3080 3081 3082 3083 3084 3085 3086 3087 3088
 3089 3090 3091 3092 3093 3094 3095 3096 3097 3098
 3099 3100 3101 3102 3103 3104 3105 3106 3107 3108
 3109 3110 3111 3112 3113 3114 3115 3116 3117 3118
 3119 3120 3121 3122 3123 3124 3125 3126 3127 3128
 3129 3130 3131 3132 3133 3134 3135 3136 3137 3138
 3139 3140 3141 3142 3143 3144 3145 3146 3147 3148
 3149 3150 3151 3152 3153 3154 3155 3156 3157 3158
 3159 3160 3161 3162 3163 3164 3165 3166 3167 3168
 3169 3170 3171 3172 3173 3174 3175 3176 3177 3178
 3179 3180 3181 3182 3183 3184 3185 3186 3187 3188
 3189 3190 3191 3192 3193 3194 3195 3196 3197 3198
 3199 3200 3201 3202 3203 3204 3205 3206 3207 3208
 3209 3210 3211 3212 3213 3214 3215 3216 3217 3218
 3219 3220 3221 3222 3223 3224 3225 3226 3227 3228
 3229 3230 3231 3232 3233 3234 3235 3236 3237 3238
 3239 3240 3241 3242 3243 3244 3245 3246 3247 3248
 3249 3250 3251 3252 3253 3254 3255 3256 3257 3258
 3259 3260 3261 3262 3263 3264 3265 3266 3267 3268
 3269 3270 3271 3272 3273 3274 3275 3276 3277 3278
 3279 3280 3281 3282 3283 3284 3285 3286 3287 3288
 3289 3290 3291 3292 3293 3294 3295 3296 3297 3298
 3299 3300 3301 3302 3303 3304 3305 3306 3307 3308
 3309 3310 3311 3312 3313 3314 3315 3316 3317 3318
 3319 3320 3321 3322 3323 3324 3325 3326 3327 3328
 3329 3330 3331 3332 3333 3334 3335 3336 3337 3338
 3339 3340 3341 3342 3343 3344 3345 3346 3347 3348
 3349 3350 3351 3352 3353 3354 3355 3356 3357 3358
 3359 3360 3361 3362 3363 3364 3365 3366 3367 3368
 3369 3370 3371 3372 3373 3374 3375 3376 3377 3378
 3379 3380 3381 3382 3383 3384 3385 3386 3387 3388
 3389 3390 3391 3392 3393 3394 3395 3396 3397 3398
 3399 3400 3401 3402 3403 3404 3405 3406 3407 3408
 3409 3410 3411 3412 3413 3414 3415 3416 3417 3418
 3419 3420 3421 3422 3423 3424 3425 3426 3427 3428
 3429 3430 3431 3432 3433 3434 3435 3436 3437 3438
 3439 3440 3441 3442 3443 3444 3445 3446 3447 3448
 3449 3450 3451 3452 3453 3454 3455 3456 3457 3458
 3459 3460 3461 3462 3463 3464 3465 3466 3467 3468
 3469 3470 3471 3472 3473 3474 3475 3476 3477 3478
 3479 3480 3481 3482 3483 3484 3485 3486 3487 3488
 3489 3490 3491 3492 3493 3494 3495 3496 3497 3498
 3499 3500 3501 3502 3503 3504 3505 3506 3507 3508
 3509 3510 3511 3512 3513 3514 3515 3516 3517 3518
 3519 3520 3521 3522 3523 3524 3525 3526 3527 3528
 3529 3530 3531 3532 3533 3534 3535 3536 3537 3538
 3539 3540 3541 3542 3543 3544 3545 3546 3547 3548
 3549 3550 3551 3552 3553 3554 3555 3556 3557 3558
 3559 3560 3561 3562 3563 3564 3565 3566 3567 3568
 3569 3570 3571 3572 3573 3574 3575 3576 3577 3578
 3579 3580 3581 3582 3583 3584 3585 3586 3587 3588
 3589 3590 3591 3592 3593 3594 3595 3596 3597 3598
 3599 3600 3601 3602 3603 3604 3605 3606 3607 3608
 3609 3610 3611 3612 3613 3614 3615 3616 3617 3618
 3619 3620 3621 3622 3623 3624 3625 3626 3627 3628
 3629 3630 3631 3632 3633 3634 3635 3636 3637 3638
 3639 3640 3641 3642 3643 3644 3645 3646 3647 3648
 3649 3650 3651 3652 3653 3654 3655 3656 3657 3658
 3659 3660 3661 3662 3663 3664 3665 3666 3667 3668
 3669 3670 3671 3672 3673 3674 3675 3676 3677 3678
 3679 3680 3681 3682 3683 3684 3685 3686 3687 3688
 3689 3690 3691 3692 3693 3694 3695 3696 3697 3698
 3699 3700 3701 3702 3703 3704 3705 3706 3707 3708
 3709 3710 3711 3712 3713 3714 3715 3716 3717 3718
 3719 3720 3721 3722 3723 3724 3725 3726 3727 3728
 3729 3730 3731 3732 3733 3734 3735 3736 3737 3738
 3739 3740 3741 3742 3743 3744 3745 3746 3747 3748
 3749 3750 3751 3752 3753 3754 3755 3756 3757 3758
 3759 3760 3761 3762 3763 3764 3765 3766 3767 3768
 3769 3770 3771 3772 3773 3774 3775 3776 3777 3778
 3779 3780 3781 3782 3783 3784 3785 3786 3787 3788
 3789 3790 3791 3792 3793 3794 3795 3796 3797 3798
 3799 3800 3801 3802 3803 3804 3805 3806 3807 3808
 3809 3810 3811 3812 3813 3814 3815 3816 3817 3818
 3819 3820 3821 3822 3823 3824 3825 3826 3827 3828
 3829 3830 3831 3832 3833 3834 3835 3836 3837 3838
 3839 3840 3841 3842 3843 3844 3845 3846 3847 3848
 3849 3850 3851 3852 3853 3854 3855 3856 3857 3858
 3859 3860 3861 3862 3863 3864 3865 3866 3867 3868
 3869 3870 3871 3872 3873 3874 3875 3876 3877 3878
 3879 3880 3881 3882 3883 3884 3885 3886 3887 3888
 3889 3890 3891 3892 3893 3894 3895 3896 3897 3898
 3899 3900 3901 3902 3903 3904 3905 3906 3907 3908
 3909 3910 3911 3912 3913 3914 3915 3916 3917 3918
 3919 3920 3921 3922 3923 3924 3925 3926 3927 3928
 3929 3930 3931 3932 3933 3934 3935 3936 3937 3938
 3939 3940 3941 3942 3943 3944 3945 3946 3947 3948
 3949 3950 3951 3952 3953 3954 3955 3956 3957 3958
 3959 3960 3961 3962 3963 3964 3965 3966 3967 3968
 3969 3970 3971 3972 3973 3974 3975 3976 3977 3978
 3979 3980 3981 3982 3983 3984 3985 3986 3987 3988
 3989 3990 3991 3992 3993 3994 3995 3996 3997 3998
 3999 4000 4001 4002 4003 4004 4005 4006 4007 4008
 4009 4010 4011 4012 4013 4014 4015 4016 4017 4018
 4019 4020 4021 4022 4023 4024 4025 4026 4027 4028
 4029 4030 4031 4032 4033 4034 4035 4036 4037 4038
 4039 4040 4041 4042 4043 4044 4045 4046 4047 4048
 4049 4050 4051 4052 4053 4054 4055 4056 4057 4058
 4059 4060 4061 4062 4063 4064 4065 4066 4067 4068
 4069 4070 4071 4072 4073 4074 4075 4076 4077 4078
 4079 4080 4081 4082 4083 4084 4085 4086 4087 4088
 4089 4090 4091 4092 4093 4094 4095 4096 4097 4098
 4099 4100 4101 4102 4103 4104 4105 4106 4107 4108
 4109 4110 4111 4112 4113 4114 4115 4116 4117 4118
 4119 4120 4121 4122 4123 4124 4125 4126 4127 4128
 4129 4130 4131 4132 4133 4134 4135 4136 4137 4138
 4139 4140 4141 4142 4143 4144 4145 4146 4147 4148
 4149 4150 4151 4152 4153 4154 4155 4156 4157 4158
 4159 4160 4161 4162 4163 4164 4165 4166 4167 4168
 4169 4170 4171 4172 4173 4174 4175 4176 4177 4178
 4179 4180 4181 4182 4183 4184 4185 4186 4187 4188
 4189 4190 4191 4192 4193 4194 4195 4196 4197 4198
 4199 4200 4201 4202 4203 4204 4205 4206 4207 4208
 4209 4210 4211 4212 4213 4214 4215 4216 4217 4218
 4219 4220 4221 4222 4223 4224 4225 4226 4227 4228
 4229 4230 4231 4232 4233 4234 4235 4236 4237 4238
 4239 4240 4241 4242 4243 4244 4245 4246 4247 4248
 4249 4250 4251 4252 4253 4254 4255 4256 4257 4258
 4259 4260 4261 4262 4263 4264 4265 4266 4267 4268
 4269 4270 4271 4272 4273 4274 4275 4276 4277 4278
 4279 4280 4281 4282 4283 4284 4285 4286 4287 4288
 4289 4290 4291 4292 4293 4294 4295 4296 4297 4298
 4299 4300 4301 4302 4303 4304 4305 4306 4307 4308
 4309 4310 4311 4312 4313 4314 4315 4316 4317 4318
 4319 4320 4321 4322 4323 4324 4325 4326 4327 4328
 4329 4330 4331 4332 4333 4334 4335 4336 4337 4338
 4339 4340 4341 4342 4343 4344 4345 4346 4347 4348
 4349 4350 4351 4352 4353 4354 4355 4356 4357 4358
 4359 4360 4361 4362 4363 4364 4365 4366 4367 4368
 4369 4370 4371 4372 4373 4374 4375 4376 4377 4378
 4379 4380 4381 4382 4383 4384 4385 4386 4387 4388
 4389 4390 4391 4392 4393 4394 4395 4396 4397 4398
 4399 4400 4401 4402 4403 4404 4405 4406 4407 4408
 4409 4410 4411 4412 4413 4414 4415 4416 4417 4418
 4419 4420 4421 4422 4423 4424 4425 4426 4427 4428
 4429 4430 4431 4432 4433 4434 4435 4436 4437 4438
 4439 4440 4441 4442 4443 4444 4445 4446 4447 4448
 4449 4450 4451 4452 4453 4454 4455 4456 4457 4458
 4459 4460 4461 4462 4463 4464 4465 4466 4467 4468
 4469 4470 4471 4472 4473 4474 4475 4476 4477 4478
 4479 4480 4481 4482 4483 4484 4485 4486 4487 4488
 4489 4490 4491 4492 4493 4494 4495 4496 4497 4498
 4499 4500 4501 4502 4503 4504 4505 4506 4507 4508
 4509 4510 4511 4512 4513 4514 4515 4516 4517 4518
 4519 4520 4521 4522 4523 4524 4525 4526 4527 4528
 4529 4530 4531 4532 4533 4534 4535 4536 4537 4538
 4539 4540 4541 4542 4543 4544 4545 4546 4547 4548
 4549 4550 4551 4552 4553 4554 4555 4556 4557 4558
 4559 4560 4561 4562 4563 4564 4565 4566 4567 4568
 4569 4570 4571 4572 4573 4574 4575 4576 4577 4578
 4579 4580 4581 4582 4583 4584 4585 4586 4587 4588
 4589 4590 4591 4592 4593 4594 4595 4596 4597 4598
 4599 4600 4601 4602 4603 4604 4605 4606 4607 4608
 4609 4610 4611 4612 4613 4614 4615 4616 4617 4618
 4619 4620 4621 4622 4623 4624 4625 4626 4627 4628
 4629 4630 4631 4632 4633 4634 4635 4636 4637 4638
 4639 4640 4641 4642 4643 4644 4645 4646 4647 4648
 4649 4650 4651 4652 4653 4654 4655 4656 4657 4658
 4659 4660 4661 4662 4663 4664 4665 4666 4667 4668
 4669 4670 4671 4672 4673 4674 4675 4676 4677 4678
 4679 4680 4681 4682 4683 4684 4685 4686 4687 4688
 4689 4690 4691 4692 4693 4694 4695 4696 4697 4698
 4699 4700 4701 4702 4703 4704 4705 4706 4707 4708
 4709 4710 4711 4712 4713 4714 4715 4716 4717 4718
 4719 4720 4721 4722 4723 4724 4725 4726 4727 4728
 4729 4730 4731 4732 4733 4734 4735 4736 4737 4738
 4739 4740 4741 4742 4743 4744 4745 4746 4747 4748
 4749 4750 4751 4752 4753 4754 4755 4756 4757 4758
 4759 4760 4761 4762 4763 4764 4765 4766 4767 4768
 4769 4770 4771 4772 4773 4774 4775 4776 4777 4778
 4779 4780 4781 4782 4783 4784 4785 4786 4787 4788
 4789 4790 4791 4792 4793 4794 4795 4796 4797 4798
 4799 4800 4801 4802 4803 4804 4805 4806 4807 4808
 4809 4810 4811 4812 4813 4814 4815 4816 4817 4818
 4819 4820 4821 4822 4823 4824 4825 4826 4827 4828
 4829 4830 4831 4832 4833 4834 4835 4836 4837 4838
 4839 4840 4841 4842 4843 4844 4845 4846 4847 4848
 4849 4850 4851 4852 4853 4854 4855 4856 4857 4858
 4859 4860 4861 4862 4863 4864 4865 4866 4867 4868
 4869 4870 4871 4872 4873 4874 4875 4876 4877 4878
 4879 4880 4881 4882 4883 4884 4885 4886 4887 4888
 4889 4890 4891 4892 4893 4894 4895 4896 4897 4898
 4899 4900 4901 4902 4903 4904 4905 4906 4907 4908
 4909 4910 4911 4912 4913 4914 4915 4916 4917 4918
 4919 4920 4921 4922 4923 4924 4925 4926 4927 4928
 4929 4930 4931 4932 4933 4934 4935 4936 4937 4938
 4939 4940 4941 4942 4943 4944 4945 4946 4947 4948
 4949 4950 4951 4952 4953 4954 4955 4956 4957 4958
 4959 4960 4961 4962 4963 4964 4965 4966 4967 4968
 4969 4970 4971 4972 4973 4974 4975 4976 4977 4978
 4979 4980 4981 4982 4983 4984 4985 4986 4987 4988
 4989 4990 4991 4992 4993 4994 4995 4996 4997 4998
 4999 5000 5001 5002 5003 5004 5005 5006 5007 5008
 5009 5010 5011 5012 5013 5014 5015 5016 5017 5018
 5019 5020 5021 5022 5023 5024 5025 5026 5027 5028
 5029 5030 5031 5032 5033 5034 5035 5036 5037 5038
 5039 5040 5041 5042 5043 5044 5045 5046 5047 5048
 5049 5050 5051 5052 5053 5054 5055 5056 5057 5058
 5059 5060 5061 5062 5063 5064 5065 5066 5067 5068
 5069 5070 5071 5072 5073 5074 5075 5076 5077 5078
 5079 5080 5081 5082 5083 5084 5085 5086 5087 5088
 5089 5090 5091 5092 5093 5094 5095 5096 5097 5098
 5099 5100 5101 5102 5103 5104 5105 5106 5107 5108
 5109 5110 5111 5112 5113 5114 5115 5116 5117 5118
 5119 5120 5121 5122 5123 5124 5125 5126 5127 5128
 5129 5130 5131 5132 5133 5134 5135 5136 5137 5138
 5139 5140 5141 5142 5143 5144 5145 5146 5147 5148
 5149 5150 5151 5152 5153 5154 5155 5156 5157 5158
 5159 5160 5161 5162 5163 5164 5165 5166 5167 5168
 5169 5170 5171 5172 5173 5174 5175 5176 5177 5178
 5179 5180 5181 5182 5183 5184 5185 5186 5187 5188
 5189 5190 5191 5192 5193 5194 5195 5196 5197 5198
 5199 5200 5201 5202 5203 5204 5205 5206 5207 5208
 5209 5210 5211 5212 5213 5214 5215 5216 5217 5218
 5219 5220 5221 5222 5223 5224 5225 5226 5227 5228
 5229 5230 5231 5232 5233 5234 5235 5236 5237 5238
 5239 5240 5241 5242 5243 5244 5245 5246 5247 5248
 5249 5250 5251 5252 5253 5254 5255 5256 5257 5258
 5259 5260 5261 5262 5263 5264 5265 5266 5267 5268
 5269 5270 5271 5272 5273 5274 5275 5276 5277 5278
 5279 5280 5281 5282 5283 5284 5285 5286 5287 5288
 5289 5290 5291 5292 5293 5294 5295 5296 5297 5298
 5299 5300 5301 5302 5303 5304 5305 5306 5307 5308
 5309 5310 5311 5312 5313 5314 5315 5316 5317 5318
 5319 5320 5321 5322 5323 5324 5325 5326 5327 5328
 5329 5330 5331 5332 5333 5334 5335 5336 5337 5338
 5339
)
