# Force_Array           
# Time                  	total_x                 	total_y                 	total_z                 
1.00000e-01	+2.127472357788951e-01	+2.042845189844256e-01	-1.228269733508873e-17
2.00000e-01	+4.752165957552983e-02	+8.605478328595980e-01	+1.712795798299784e-18
3.00000e-01	+5.339570663860090e-02	+7.587529090162254e-01	+7.275005644410612e-20
4.00000e-01	+3.363330460666634e-02	+6.803502305370319e-01	+3.993972905924135e-19
5.00000e-01	+3.641828478469079e-02	+7.027501099690582e-01	+1.764879279841828e-19
6.00000e-01	+3.534137943052003e-02	+7.033525999300331e-01	+9.276536758748152e-20
7.00000e-01	+3.658461111018828e-02	+7.152289372917768e-01	+9.621557660196593e-20
8.00000e-01	+3.563798013034315e-02	+7.162232364962721e-01	+1.041647666232101e-19
9.00000e-01	+3.597270513496387e-02	+7.184644898990264e-01	+7.806939912020635e-20
1.00000e+00	+3.537751191957728e-02	+7.178466864393335e-01	+6.842481428473490e-20
1.10000e+00	+3.537487775429823e-02	+7.180226195166765e-01	+5.603094355577130e-20
1.20000e+00	+3.545527550442713e-02	+7.169701430264377e-01	+5.524355378661776e-20
1.30000e+00	+3.558039172472938e-02	+7.164127064828871e-01	+6.311604590862338e-20
1.40000e+00	+3.580761577380919e-02	+7.161244325954210e-01	+7.181275426532628e-20
1.50000e+00	+3.586188690955884e-02	+7.146953775163654e-01	+7.406587640418796e-20
1.60000e+00	+3.568679037983591e-02	+7.111306213547016e-01	+7.676159703779694e-20
1.70000e+00	+3.553275240244439e-02	+7.071742863961553e-01	+8.432660509140807e-20
1.80000e+00	+3.559164801895254e-02	+7.039677298396076e-01	+8.993921328090064e-20
1.90000e+00	+3.534223869270636e-02	+6.990226849732956e-01	+1.039499137146336e-19
2.00000e+00	+3.525867695793527e-02	+6.947084289390059e-01	+1.149016191067096e-19
2.10000e+00	+3.525386408702968e-02	+6.908742758735325e-01	+1.235319473767393e-19
2.20000e+00	+3.538580394901321e-02	+6.879039387354479e-01	+1.301839300894473e-19
2.30000e+00	+3.550192156113420e-02	+6.854815166255250e-01	+1.360517996380608e-19
2.40000e+00	+3.558251865299831e-02	+6.833963777005873e-01	+1.394383723595592e-19
2.50000e+00	+3.562093131818887e-02	+6.815234832201194e-01	+1.408621044095293e-19
2.60000e+00	+3.566562032151872e-02	+6.800891875844433e-01	+1.412243881941810e-19
2.70000e+00	+3.572608621411611e-02	+6.789589284897511e-01	+1.401049553880776e-19
2.80000e+00	+3.579742047523853e-02	+6.784812841021943e-01	+1.378426452967323e-19
2.90000e+00	+3.588761721065655e-02	+6.783904671900687e-01	+1.340327733637193e-19
3.00000e+00	+3.592755602045109e-02	+6.783864607093149e-01	+1.308252544490806e-19
3.10000e+00	+6.102682120573175e-02	+9.122779678098720e-01	-4.709326772807572e-18
3.20000e+00	-1.935202926746944e-03	+2.547465316183752e-01	-2.744992550689318e-18
3.30000e+00	+1.347249583089995e-02	+3.867740196852290e-01	-3.028418631392262e-18
3.40000e+00	+1.201728512465885e-02	+3.582928008530753e-01	-2.957497847155867e-18
3.50000e+00	+1.435690996412741e-02	+3.655154316650861e-01	-3.013032940063185e-18
3.60000e+00	+1.515482239053944e-02	+3.739459015883972e-01	-3.047681927525040e-18
3.70000e+00	+1.548488392914285e-02	+3.844331465518697e-01	-3.056131184434010e-18
3.80000e+00	+1.546506990975652e-02	+3.906472751772048e-01	-3.068798070731904e-18
3.90000e+00	+1.531621020086451e-02	+3.986544441310843e-01	-3.086797931388967e-18
4.00000e+00	+1.497335453269111e-02	+4.045530241456750e-01	-3.097281557217006e-18
4.10000e+00	+1.501798457109770e-02	+4.142737131622246e-01	-3.133493792692970e-18
4.20000e+00	+1.485944725067697e-02	+4.197152555425567e-01	-3.150752702372483e-18
4.30000e+00	+1.464954592371634e-02	+4.269122806497475e-01	-3.146799403198925e-18
4.40000e+00	+1.471093687941921e-02	+4.334702030282853e-01	-3.168817522388961e-18
4.50000e+00	+1.483454573956291e-02	+4.414041453385986e-01	-3.193135738392560e-18
4.60000e+00	+1.459201301994793e-02	+4.460155379700683e-01	-3.196127940923557e-18
4.70000e+00	+1.419218225458425e-02	+4.480448099487564e-01	-3.189749741394797e-18
4.80000e+00	+1.401604715503034e-02	+4.507203143047892e-01	-3.203634369719152e-18
4.90000e+00	+1.397679895965384e-02	+4.546689411977162e-01	-3.212484356010674e-18
5.00000e+00	+1.349091493117389e-02	+4.534592127797836e-01	-3.204686551033702e-18
5.10000e+00	+1.342983019104260e-02	+4.552931937868330e-01	-3.208156900835564e-18
5.20000e+00	+1.354248091295586e-02	+4.565350871525692e-01	-3.220193723643662e-18
5.30000e+00	+1.326858037107208e-02	+4.559483739113970e-01	-3.217168521799896e-18
5.40000e+00	+1.320585019804226e-02	+4.558422249140096e-01	-3.221015078127740e-18
5.50000e+00	+1.351167685729445e-02	+4.581735650618066e-01	-3.234676975010178e-18
5.60000e+00	+1.329656907038720e-02	+4.572045011639902e-01	-3.226798452093263e-18
5.70000e+00	+1.346287474538249e-02	+4.579711685980062e-01	-3.227962238725410e-18
5.80000e+00	+1.335988334829205e-02	+4.560779437907362e-01	-3.205984999545719e-18
5.90000e+00	+1.348399945696589e-02	+4.559235489722029e-01	-3.207245083520531e-18
6.00000e+00	+1.374497543887875e-02	+4.553367476590749e-01	-3.210590438652968e-18
6.10000e+00	+1.395080261137533e-02	+4.552737060666937e-01	-3.208181872287831e-18
6.20000e+00	+2.076732697152531e-02	+4.894233312367010e-01	-1.189147684181329e-18
6.30000e+00	+4.116926561116030e-03	+2.401060220629470e-01	-9.499135267619134e-19
6.40000e+00	+1.055125208415204e-02	+3.126111693284570e-01	-1.064255991095949e-18
6.50000e+00	+1.043553930119210e-02	+2.892833592735238e-01	-1.051991661769933e-18
6.60000e+00	+1.183894351642199e-02	+2.912186317967611e-01	-1.064241419452813e-18
6.70000e+00	+1.218367464702528e-02	+2.900776668043031e-01	-1.074427034105388e-18
6.80000e+00	+1.279148826688712e-02	+2.857728958298923e-01	-1.069085400222948e-18
6.90000e+00	+1.281871232078872e-02	+2.825923926595437e-01	-1.050468865096691e-18
7.00000e+00	+1.285906576498388e-02	+2.771454142046491e-01	-1.028903488562876e-18
7.10000e+00	+1.303448697458458e-02	+2.709710781701182e-01	-1.012518113423605e-18
7.20000e+00	+1.312956347040898e-02	+2.638748970156102e-01	-9.958236884538550e-19
7.30000e+00	+1.330644434026053e-02	+2.631228792215820e-01	-9.889207691879887e-19
7.40000e+00	+1.361449376878188e-02	+2.617013679474907e-01	-1.003087646521362e-18
7.50000e+00	+1.397227225516466e-02	+2.584095383534002e-01	-1.029127019758302e-18
7.60000e+00	+1.416016254637384e-02	+2.547872844589137e-01	-1.032850489429149e-18
7.70000e+00	+1.457138703272453e-02	+2.507988428450136e-01	-1.032274605703624e-18
7.80000e+00	+1.505052566885152e-02	+2.480070906078868e-01	-1.034911780481030e-18
7.90000e+00	+1.558133654962521e-02	+2.449826348234821e-01	-1.038187089888053e-18
8.00000e+00	+1.635638565496894e-02	+2.396654333264042e-01	-1.044745972627623e-18
8.10000e+00	+1.790359438742190e-02	+2.363987845734652e-01	-1.052676323545207e-18
8.20000e+00	+1.718013547597070e-02	+2.386328238804804e-01	-1.044536126739803e-18
8.30000e+00	+1.618372785039473e-02	+2.382767148463551e-01	-1.045582966188787e-18
8.40000e+00	+1.699949422749924e-02	+2.367878450864699e-01	-1.052913154405026e-18
8.50000e+00	+1.809348294692953e-02	+2.307382239998010e-01	-1.046200507056306e-18
8.60000e+00	+1.719081395759715e-02	+2.343388278953299e-01	-1.038587709570363e-18
8.70000e+00	+1.639832931511042e-02	+2.364036201182658e-01	-1.043551775503044e-18
8.80000e+00	+1.811450612619077e-02	+2.346349404629373e-01	-1.056822266365573e-18
8.90000e+00	+1.582170715217993e-02	+2.309489721274799e-01	-1.012296252552397e-18
9.00000e+00	+1.593558939242226e-02	+2.365827850882342e-01	-1.035242830339119e-18
9.10000e+00	+1.791369681257284e-02	+2.326372469678880e-01	-1.043085686512565e-18
9.20000e+00	+1.574432707305528e-02	+2.272567473698179e-01	-1.012030709713985e-18
9.30000e+00	+7.392638410683359e-03	+1.845847667219108e-01	+4.922022356481028e-19
9.40000e+00	+2.854608965193580e-02	+4.878349897453835e-01	+3.946751944262255e-19
9.50000e+00	+2.227814298625472e-02	+4.205295833624230e-01	+4.376260419948705e-19
9.60000e+00	+1.988316802157246e-02	+4.350825569825080e-01	+4.774539244249733e-19
9.70000e+00	+1.880569053725112e-02	+4.336185225603462e-01	+4.987384245499590e-19
9.80000e+00	+1.834712172629918e-02	+4.367298686800590e-01	+5.063116201742415e-19
9.90000e+00	+1.858937624890515e-02	+4.431331711317383e-01	+4.969347374897642e-19
1.00000e+01	+1.881630720073263e-02	+4.468244112596085e-01	+4.875699661201063e-19
1.01000e+01	+1.878883587978760e-02	+4.507717860913004e-01	+4.778832270755430e-19
1.02000e+01	+1.888306107841491e-02	+4.540645059532740e-01	+4.752547276449854e-19
1.03000e+01	+1.936821964129491e-02	+4.614692225372440e-01	+4.803035160920733e-19
1.04000e+01	+1.943168202176722e-02	+4.619969094589492e-01	+4.843081004444787e-19
1.05000e+01	+1.922369396156108e-02	+4.624306949746231e-01	+4.859474960286950e-19
1.06000e+01	+1.920448188216478e-02	+4.632462917473628e-01	+4.860162036602435e-19
1.07000e+01	+1.963604365442429e-02	+4.662526845983116e-01	+4.852020756276800e-19
1.08000e+01	+1.973275387263296e-02	+4.652169728967095e-01	+4.865474585548175e-19
1.09000e+01	+1.961758545820100e-02	+4.628284878806458e-01	+4.861029939549687e-19
1.10000e+01	+1.983951950337946e-02	+4.625574205867618e-01	+4.832337024247940e-19
1.11000e+01	+1.992215491339847e-02	+4.610991556705526e-01	+4.823586911243703e-19
1.12000e+01	+1.997909843678792e-02	+4.586997676500001e-01	+4.796257755435408e-19
1.13000e+01	+1.998080443744520e-02	+4.565646278071869e-01	+4.797521660411317e-19
1.14000e+01	+2.008251668329816e-02	+4.557675537555740e-01	+4.878255120835131e-19
1.15000e+01	+2.048627406588297e-02	+4.565912754275989e-01	+4.894700510600704e-19
1.16000e+01	+2.074352572031003e-02	+4.564181642342472e-01	+4.860581557111618e-19
1.17000e+01	+2.082890379015923e-02	+4.553289937696327e-01	+4.826974924010019e-19
1.18000e+01	+2.092042309599391e-02	+4.544513290925408e-01	+4.813340361717719e-19
1.19000e+01	+2.093950524602504e-02	+4.500218119659788e-01	+4.808108072413822e-19
1.20000e+01	+2.082855380840512e-02	+4.486572132804185e-01	+4.800060119563976e-19
1.21000e+01	+2.080459486567109e-02	+4.467950973942598e-01	+4.780897429972682e-19
1.22000e+01	+2.086010744823232e-02	+4.468519752576907e-01	+4.763013208055840e-19
1.23000e+01	+2.079747116897489e-02	+4.462924136236049e-01	+4.730538653699198e-19
1.24000e+01	+2.137856208059075e-02	+4.494661076642732e-01	+5.334358555909224e-19
1.25000e+01	+1.932961571700858e-02	+4.314465647905548e-01	+5.907281193732250e-19
1.26000e+01	+2.007052824799424e-02	+4.343917182295376e-01	+5.711762018130389e-19
1.27000e+01	+1.986883792212457e-02	+4.303600079646896e-01	+5.811132362926138e-19
1.28000e+01	+1.999066213740109e-02	+4.294054472526967e-01	+5.820673439966868e-19
1.29000e+01	+2.000732930412769e-02	+4.276746121231423e-01	+5.853986502823400e-19
1.30000e+01	+2.005897634700404e-02	+4.255828201367650e-01	+5.872035672167653e-19
1.31000e+01	+1.995136169991532e-02	+4.224631085911991e-01	+5.919991421993852e-19
1.32000e+01	+1.972064235243609e-02	+4.170810068272304e-01	+5.988083841782198e-19
1.33000e+01	+1.958902716256886e-02	+4.124974422336055e-01	+6.065869326139241e-19
1.34000e+01	+1.955999148194717e-02	+4.086614265807206e-01	+6.139224121031726e-19
1.35000e+01	+1.966747271572849e-02	+4.062016370954761e-01	+6.198384406895164e-19
1.36000e+01	+1.982299959875725e-02	+4.040962877897554e-01	+6.240991707832247e-19
1.37000e+01	+1.995141200183715e-02	+4.024099056592101e-01	+6.224062253849300e-19
1.38000e+01	+2.002465540248658e-02	+4.008518876743887e-01	+6.242647378707076e-19
1.39000e+01	+2.002307275819730e-02	+3.992688746078697e-01	+6.244910566402325e-19
1.40000e+01	+1.992339413330857e-02	+3.983477039788816e-01	+6.242749083422719e-19
1.41000e+01	+1.979354047850439e-02	+3.973031243045975e-01	+6.242015708035931e-19
1.42000e+01	+1.972374780129566e-02	+3.954071345325221e-01	+6.221881289830487e-19
1.43000e+01	+1.980405635765893e-02	+3.936788282298375e-01	+6.201227191264855e-19
1.44000e+01	+1.980471441990292e-02	+3.932683128573474e-01	+6.224895104428165e-19
1.45000e+01	+1.986809210759196e-02	+3.922102452423308e-01	+6.224934699847898e-19
1.46000e+01	+1.980276021926006e-02	+3.903993915101187e-01	+6.248552726381666e-19
1.47000e+01	+1.979266569741385e-02	+3.890405625594696e-01	+6.243969437344446e-19
1.48000e+01	+1.987507978073426e-02	+3.897049168606661e-01	+6.267820507408900e-19
1.49000e+01	+2.000293616742992e-02	+3.896822912583000e-01	+6.246566681479740e-19
1.50000e+01	+1.991184766147727e-02	+3.874166935103398e-01	+6.250222294247974e-19
1.51000e+01	+1.999077627067051e-02	+3.878970822669693e-01	+6.236471186744102e-19
1.52000e+01	+2.032294912669660e-02	+3.904283752540462e-01	+6.198414853873182e-19
1.53000e+01	+2.032528731061605e-02	+3.887921297164155e-01	+6.168748158286902e-19
1.54000e+01	+2.001998123187460e-02	+3.871219995844710e-01	+6.189871146779389e-19
1.55000e+01	+2.186286225520234e-02	+4.105801888170608e-01	-1.846733386501477e-19
1.56000e+01	+1.694699940731323e-02	+3.370678110913661e-01	-2.365342113454277e-19
1.57000e+01	+1.867236517667799e-02	+3.598417496894492e-01	-2.236777857207642e-19
1.58000e+01	+1.878854137617609e-02	+3.610175836251142e-01	-2.184573335726278e-19
1.59000e+01	+1.940723839918495e-02	+3.628313251052437e-01	-2.222769678858746e-19
1.60000e+01	+1.938604015512914e-02	+3.622260700672871e-01	-2.208927277994769e-19
1.61000e+01	+1.926525979293627e-02	+3.631486594160593e-01	-2.193378747016332e-19
1.62000e+01	+1.921120194932440e-02	+3.648932077293328e-01	-2.232053665197676e-19
1.63000e+01	+1.931003194798746e-02	+3.631255493584835e-01	-2.271192126330507e-19
1.64000e+01	+1.916999080856421e-02	+3.606642303695647e-01	-2.288586459191745e-19
1.65000e+01	+1.924287418349409e-02	+3.640608332607505e-01	-2.348358876521078e-19
1.66000e+01	+1.933141596839644e-02	+3.680682345559539e-01	-2.412159935780428e-19
1.67000e+01	+1.932162052673238e-02	+3.640613640727339e-01	-2.427939957180268e-19
1.68000e+01	+1.925773269000467e-02	+3.638599338891088e-01	-2.423025424009757e-19
1.69000e+01	+1.937369475720209e-02	+3.657827129036008e-01	-2.461712194747345e-19
1.70000e+01	+1.946535359955850e-02	+3.637078575700058e-01	-2.492103443920108e-19
1.71000e+01	+1.947409385973808e-02	+3.621170664501250e-01	-2.493211776948693e-19
1.72000e+01	+1.967671422732653e-02	+3.636738486401406e-01	-2.525172581442224e-19
1.73000e+01	+1.997598033688783e-02	+3.630110517024200e-01	-2.599728830445987e-19
1.74000e+01	+1.982759329497611e-02	+3.618309292648068e-01	-2.608953528961160e-19
1.75000e+01	+1.998495163291884e-02	+3.632028218301407e-01	-2.611909608822869e-19
1.76000e+01	+2.006410584812768e-02	+3.637337515968198e-01	-2.612108202066169e-19
1.77000e+01	+2.019924023739948e-02	+3.614270745688115e-01	-2.619361748964626e-19
1.78000e+01	+2.017284538949430e-02	+3.610341201248043e-01	-2.624158966400358e-19
1.79000e+01	+2.019925214862401e-02	+3.610755178695328e-01	-2.623201048964393e-19
1.80000e+01	+2.028917746033958e-02	+3.615198980845419e-01	-2.625084152808395e-19
1.81000e+01	+2.037988219970070e-02	+3.610773472006601e-01	-2.627896694844380e-19
1.82000e+01	+2.037237237097648e-02	+3.609887253719570e-01	-2.631455761064202e-19
1.83000e+01	+2.045822771854285e-02	+3.608805970020236e-01	-2.630178319655276e-19
1.84000e+01	+2.046445185307340e-02	+3.609348075066107e-01	-2.632474983751212e-19
1.85000e+01	+2.047021963962583e-02	+3.607034260405327e-01	-2.637264570337125e-19
1.86000e+01	+1.584628797703262e-02	+3.161489403846857e-01	+2.720721676353355e-20
1.87000e+01	+2.453602567712076e-02	+4.280019296820337e-01	-1.356841625468413e-19
1.88000e+01	+2.292748847118686e-02	+4.077100589165368e-01	-1.081883982801086e-19
1.89000e+01	+2.260936452410460e-02	+4.156149707916020e-01	-9.369259614889475e-20
1.90000e+01	+2.207829173614127e-02	+4.108940754051691e-01	-8.157782215395870e-20
1.91000e+01	+2.205307327401248e-02	+4.048080590497090e-01	-7.825199442950551e-20
1.92000e+01	+2.232555946288781e-02	+3.960690800249513e-01	-7.906333848505801e-20
1.93000e+01	+2.220024749277740e-02	+3.984328585533579e-01	-7.307864261215127e-20
1.94000e+01	+2.227851948780709e-02	+3.989549550887027e-01	-7.558461356046050e-20
1.95000e+01	+2.253473884801360e-02	+4.006903025870172e-01	-8.342344425690867e-20
1.96000e+01	+2.254641348214702e-02	+4.013173825681616e-01	-8.298521596966916e-20
1.97000e+01	+2.267791056985457e-02	+4.028595668730328e-01	-8.414087485750904e-20
1.98000e+01	+2.259484140999470e-02	+4.025672289190929e-01	-7.859647743299449e-20
1.99000e+01	+2.266637660188917e-02	+4.049037468688853e-01	-7.757779219711098e-20
2.00000e+01	+2.266353062486596e-02	+4.050889194164036e-01	-7.499465668374361e-20
2.01000e+01	+2.271267787390470e-02	+4.061958861131488e-01	-7.490667736472251e-20
2.02000e+01	+2.283016401170435e-02	+4.074547256952935e-01	-7.603137187735627e-20
2.03000e+01	+2.297023390879602e-02	+4.089974247670953e-01	-7.871165215556901e-20
2.04000e+01	+2.309698077750837e-02	+4.107081639134140e-01	-8.125277426346861e-20
2.05000e+01	+2.315587992646060e-02	+4.118388961896635e-01	-8.125068413714975e-20
2.06000e+01	+2.324925201948295e-02	+4.130071318324750e-01	-7.996214958302960e-20
2.07000e+01	+2.335808218536639e-02	+4.141369879076337e-01	-7.645765745787207e-20
2.08000e+01	+2.351348711887494e-02	+4.151966954506614e-01	-6.940524754215227e-20
2.09000e+01	+2.358655225155963e-02	+4.165728847844852e-01	-6.998775864021885e-20
2.10000e+01	+2.349463925785272e-02	+4.173369840805285e-01	-7.159654146121446e-20
2.11000e+01	+2.341273793610952e-02	+4.173934784888078e-01	-7.352667471269488e-20
2.12000e+01	+2.333336444149149e-02	+4.171449186513448e-01	-7.355393223907367e-20
2.13000e+01	+2.325993069790154e-02	+4.165732819640093e-01	-7.347685861757186e-20
2.14000e+01	+2.328362863599784e-02	+4.163978833521313e-01	-7.491073515691079e-20
2.15000e+01	+2.333000954392223e-02	+4.164239147595422e-01	-7.722109965170146e-20
2.16000e+01	+2.336187644637303e-02	+4.163550590909096e-01	-7.954958159546137e-20
2.17000e+01	+2.311703565404490e-02	+4.120936061457244e-01	-1.176772433644229e-18
2.18000e+01	+2.461202156340137e-02	+4.292557042233046e-01	-1.190904316038564e-18
2.19000e+01	+2.413465677485746e-02	+4.256439946782880e-01	-1.190853040254960e-18
2.20000e+01	+2.417261567139890e-02	+4.274156651002758e-01	-1.194165764881802e-18
2.21000e+01	+2.423090571965387e-02	+4.278978304329639e-01	-1.197756364110261e-18
2.22000e+01	+2.417548598768442e-02	+4.282703165648050e-01	-1.199363168102702e-18
2.23000e+01	+2.430568577290314e-02	+4.295970536306865e-01	-1.201956789551097e-18
2.24000e+01	+2.419324838935282e-02	+4.293047473503117e-01	-1.201336939057039e-18
2.25000e+01	+2.424370678567679e-02	+4.299409765857767e-01	-1.202874252561996e-18
2.26000e+01	+2.416917891654885e-02	+4.292354235254927e-01	-1.203672208597606e-18
2.27000e+01	+2.421683177740730e-02	+4.298535365800311e-01	-1.206765538785829e-18
2.28000e+01	+2.405260940200373e-02	+4.283606536767235e-01	-1.208411599635045e-18
2.29000e+01	+2.408822960188843e-02	+4.284042436991052e-01	-1.213166948942216e-18
2.30000e+01	+2.404260625221351e-02	+4.275633410950287e-01	-1.211656863174299e-18
2.31000e+01	+2.392231997797352e-02	+4.260072983743329e-01	-1.211792470235975e-18
2.32000e+01	+2.396728170542247e-02	+4.256751828896234e-01	-1.213088771920154e-18
2.33000e+01	+2.412598455081134e-02	+4.260535576608179e-01	-1.215331843353400e-18
2.34000e+01	+2.408091882226739e-02	+4.249538844279751e-01	-1.211394452659220e-18
2.35000e+01	+2.404573878962210e-02	+4.240045340281925e-01	-1.208856723460304e-18
2.36000e+01	+2.404888283452188e-02	+4.235956625493469e-01	-1.205664692970305e-18
2.37000e+01	+2.425187876505647e-02	+4.238764785921184e-01	-1.206625459077815e-18
2.38000e+01	+2.408207873943457e-02	+4.222198372718352e-01	-1.203312952740324e-18
2.39000e+01	+2.422051954752447e-02	+4.226559270383436e-01	-1.204108808356037e-18
2.40000e+01	+2.419288134891959e-02	+4.221708176676713e-01	-1.202530094254808e-18
2.41000e+01	+2.428095901835432e-02	+4.223899462349393e-01	-1.202619059239165e-18
2.42000e+01	+2.417487027328019e-02	+4.211874629545860e-01	-1.198820977275299e-18
2.43000e+01	+2.410072333564000e-02	+4.202708636567489e-01	-1.198937780745104e-18
2.44000e+01	+2.409160483792209e-02	+4.198739745193094e-01	-1.200891551819511e-18
2.45000e+01	+2.420890102504466e-02	+4.207961466814854e-01	-1.202729170326210e-18
2.46000e+01	+2.407571177143250e-02	+4.196125749669707e-01	-1.199635258156604e-18
2.47000e+01	+2.415460574812600e-02	+4.201066381661496e-01	-1.199383936071683e-18
2.48000e+01	+2.410667830481201e-02	+4.194465222001993e-01	-1.195707344580636e-18
2.49000e+01	+2.469561006297363e-02	+4.296520408665415e-01	-5.223391919240241e-19
2.50000e+01	+2.271459324713215e-02	+4.014920089838024e-01	-5.648815037295457e-19
2.51000e+01	+2.307005453957393e-02	+4.062308089208897e-01	-5.589962417342332e-19
2.52000e+01	+2.297031350592179e-02	+4.039875473275863e-01	-5.565488120316477e-19
2.53000e+01	+2.312704544285076e-02	+4.046033654307070e-01	-5.536528278198622e-19
2.54000e+01	+2.300994935452224e-02	+4.032122265406362e-01	-5.550800612994366e-19
2.55000e+01	+2.301384358049761e-02	+4.027779368681624e-01	-5.541547029843196e-19
2.56000e+01	+2.295642917523790e-02	+4.021197826395276e-01	-5.539798676598654e-19
2.57000e+01	+2.302715121416595e-02	+4.021093402404529e-01	-5.524439273534239e-19
2.58000e+01	+2.296968742946753e-02	+4.011593025893808e-01	-5.530553389441259e-19
2.59000e+01	+2.296747112345228e-02	+4.005701666947917e-01	-5.531527102615471e-19
2.60000e+01	+2.308210737411840e-02	+4.006931099465515e-01	-5.519433829505637e-19
2.61000e+01	+2.303035792998422e-02	+3.996755558965820e-01	-5.527229890453422e-19
2.62000e+01	+2.318185842395034e-02	+4.002901556621108e-01	-5.513656554286060e-19
2.63000e+01	+2.308721940036220e-02	+3.990198837731559e-01	-5.528148756989766e-19
2.64000e+01	+2.332194120925792e-02	+4.003933317492119e-01	-5.512410545595520e-19
2.65000e+01	+2.322761009940271e-02	+3.991528109364610e-01	-5.534788307522237e-19
2.66000e+01	+2.339818072119453e-02	+4.007518578738425e-01	-5.526922965525256e-19
2.67000e+01	+2.337653430251614e-02	+4.005013680554841e-01	-5.542152703268717e-19
2.68000e+01	+2.341697669283225e-02	+4.014342457077525e-01	-5.549802703035636e-19
2.69000e+01	+2.345393217061552e-02	+4.021409860145209e-01	-5.555716007725674e-19
2.70000e+01	+2.346858108178024e-02	+4.027124353306726e-01	-5.559586846019744e-19
2.71000e+01	+2.348247254699449e-02	+4.033961153905216e-01	-5.561530705141720e-19
2.72000e+01	+2.349964571534293e-02	+4.039282118653448e-01	-5.559787918310622e-19
2.73000e+01	+2.350307568339058e-02	+4.044725148864636e-01	-5.553888225530327e-19
2.74000e+01	+2.348617098596079e-02	+4.050185280067460e-01	-5.544294708300453e-19
2.75000e+01	+2.352419069218813e-02	+4.054423964978200e-01	-5.541076937160334e-19
2.76000e+01	+2.356895439115562e-02	+4.061911054219854e-01	-5.538740521849232e-19
2.77000e+01	+2.361519294645435e-02	+4.067268963190437e-01	-5.535979205854815e-19
2.78000e+01	+2.366766297868446e-02	+4.072050410660454e-01	-5.529908544376380e-19
2.79000e+01	+2.370954108511468e-02	+4.076790867020058e-01	-5.524761117564838e-19
2.80000e+01	+2.224347051657634e-02	+3.925604220707337e-01	-1.004335091201109e-18
2.81000e+01	+2.510544098994372e-02	+4.299914212120382e-01	-1.020740229100846e-18
2.82000e+01	+2.443210705825057e-02	+4.236722547986184e-01	-1.019957193727065e-18
2.83000e+01	+2.438298072747799e-02	+4.267266654384230e-01	-1.029273330257487e-18
2.84000e+01	+2.434087185326808e-02	+4.261338762412334e-01	-1.027983178300225e-18
2.85000e+01	+2.426599818432365e-02	+4.256202491662558e-01	-1.025354635304089e-18
2.86000e+01	+2.434752687256199e-02	+4.267529012349451e-01	-1.022501634883937e-18
2.87000e+01	+2.432576588567743e-02	+4.254059280646539e-01	-1.020523299882919e-18
2.88000e+01	+2.430646209432421e-02	+4.246481322759866e-01	-1.020271441318337e-18
2.89000e+01	+2.418003184947977e-02	+4.220223733457753e-01	-1.020428922285974e-18
2.90000e+01	+2.414954349418526e-02	+4.213116182822634e-01	-1.019606781449382e-18
2.91000e+01	+2.412409141762211e-02	+4.203983346143308e-01	-1.018680660427541e-18
2.92000e+01	+2.414595985186845e-02	+4.199687753540583e-01	-1.017258198375928e-18
2.93000e+01	+2.432566898915738e-02	+4.213091540430682e-01	-1.015164808771135e-18
2.94000e+01	+2.431925836226388e-02	+4.221997817763680e-01	-1.015448204765924e-18
2.95000e+01	+2.427515813715868e-02	+4.221587249516079e-01	-1.014022567975235e-18
2.96000e+01	+2.452272341037914e-02	+4.241467929302348e-01	-1.013237416643751e-18
2.97000e+01	+2.421405451492417e-02	+4.225026366872823e-01	-1.014237659707558e-18
2.98000e+01	+2.419676592059654e-02	+4.229096002754777e-01	-1.014908083183998e-18
2.99000e+01	+2.420136439973938e-02	+4.221770557922853e-01	-1.015835021242122e-18
3.00000e+01	+2.435714289085984e-02	+4.230032452846416e-01	-1.014074111971948e-18
3.01000e+01	+2.413813606171445e-02	+4.208967187169955e-01	-1.013853003767480e-18
3.02000e+01	+2.426102162517513e-02	+4.201727729646731e-01	-1.012490824685042e-18
3.03000e+01	+2.425812484473981e-02	+4.201194416243076e-01	-1.012905717187186e-18
3.04000e+01	+2.428965935458744e-02	+4.206877932775619e-01	-1.012166702793130e-18
3.05000e+01	+2.426433029817242e-02	+4.208150875432906e-01	-1.012034406771813e-18
3.06000e+01	+2.412649242882421e-02	+4.201485686869725e-01	-1.012978071172166e-18
3.07000e+01	+2.439318919533629e-02	+4.222816122990304e-01	-1.011974431198869e-18
3.08000e+01	+2.427895094671391e-02	+4.212450057115135e-01	-1.011414343839443e-18
3.09000e+01	+2.422436673747217e-02	+4.210727716873209e-01	-1.012069404624180e-18
3.10000e+01	+2.414971444234146e-02	+4.209691616740907e-01	-1.011759333991074e-18
3.11000e+01	+2.341188123621644e-02	+4.105971586656395e-01	-1.226479194804649e-18
3.12000e+01	+2.588538212534491e-02	+4.385922912830431e-01	-1.224629217596229e-18
3.13000e+01	+2.539087371924147e-02	+4.348630223995588e-01	-1.218441068118297e-18
3.14000e+01	+2.537499767657341e-02	+4.358631906003387e-01	-1.218454016907614e-18
3.15000e+01	+2.527865477096953e-02	+4.359315607262075e-01	-1.214644164489868e-18
3.16000e+01	+2.527615900178568e-02	+4.356213079795044e-01	-1.214751683430324e-18
3.17000e+01	+2.558616890383814e-02	+4.372779205570025e-01	-1.215770455244612e-18
3.18000e+01	+2.549070919235415e-02	+4.356342639359955e-01	-1.213694008139106e-18
3.19000e+01	+2.568837353713056e-02	+4.369213039680394e-01	-1.212639739129197e-18
3.20000e+01	+2.555436308330294e-02	+4.349805764649857e-01	-1.213263152442446e-18
3.21000e+01	+2.539961365058323e-02	+4.351126092034895e-01	-1.212143750547197e-18
3.22000e+01	+2.533916986711738e-02	+4.355568301179836e-01	-1.211420829397474e-18
3.23000e+01	+2.532743315457847e-02	+4.351295119468942e-01	-1.211798684061439e-18
3.24000e+01	+2.537328186481756e-02	+4.349935921644830e-01	-1.213161401300195e-18
3.25000e+01	+2.539061255321973e-02	+4.349819808286882e-01	-1.214570729692321e-18
3.26000e+01	+2.551494730792644e-02	+4.359727015812445e-01	-1.216566534010203e-18
3.27000e+01	+2.553818075036943e-02	+4.365517312632660e-01	-1.214275290018346e-18
3.28000e+01	+2.536343151225125e-02	+4.350878305325375e-01	-1.215486422100643e-18
3.29000e+01	+2.531851842583170e-02	+4.352650341126639e-01	-1.209688936116726e-18
3.30000e+01	+2.543110561619361e-02	+4.358439058786883e-01	-1.213457043760588e-18
3.31000e+01	+2.527341259963043e-02	+4.341609366305241e-01	-1.213259793012124e-18
3.32000e+01	+2.527604171270813e-02	+4.346113228090462e-01	-1.215105508173289e-18
3.33000e+01	+2.527644915128317e-02	+4.351365114201790e-01	-1.212512380086690e-18
3.34000e+01	+2.528450588558972e-02	+4.346474064346753e-01	-1.211506210062943e-18
3.35000e+01	+2.539115421391749e-02	+4.348306703789330e-01	-1.216425929991534e-18
3.36000e+01	+2.541413972437670e-02	+4.353203257551079e-01	-1.216587713134205e-18
3.37000e+01	+2.557867871333528e-02	+4.365436308929655e-01	-1.216736627577927e-18
3.38000e+01	+2.538816526046127e-02	+4.352273824657920e-01	-1.216466797771628e-18
3.39000e+01	+2.551489378772307e-02	+4.366965792379835e-01	-1.217105516528293e-18
3.40000e+01	+2.536352150700794e-02	+4.354082896812695e-01	-1.215956516040492e-18
3.41000e+01	+2.552779283130837e-02	+4.368899304528315e-01	-1.215119991121952e-18
3.42000e+01	+2.544186176847893e-02	+4.346738535150160e-01	-2.021353868420184e-18
3.43000e+01	+2.540718302622011e-02	+4.351984799071216e-01	-2.000072457536490e-18
3.44000e+01	+2.536818760693041e-02	+4.359524391634939e-01	-1.992676938010461e-18
3.45000e+01	+2.545818062798735e-02	+4.361807398109028e-01	-1.999345514612544e-18
3.46000e+01	+2.561259999232120e-02	+4.372478947256161e-01	-1.998402848692101e-18
3.47000e+01	+2.554501105122809e-02	+4.365777336820021e-01	-2.000016706239998e-18
3.48000e+01	+2.547769165912896e-02	+4.361939054331422e-01	-2.000484407664127e-18
3.49000e+01	+2.562656561513207e-02	+4.378616505459266e-01	-2.004012520339836e-18
3.50000e+01	+2.559400655746780e-02	+4.375806196737765e-01	-2.001187509284932e-18
3.51000e+01	+2.541726262218806e-02	+4.364019468639405e-01	-2.000531951254443e-18
3.52000e+01	+2.552032049813892e-02	+4.373773055377286e-01	-2.003602308842947e-18
3.53000e+01	+2.543566947649933e-02	+4.366021402665721e-01	-2.001940030142090e-18
3.54000e+01	+2.551232732019071e-02	+4.362570879136413e-01	-2.004578916887507e-18
3.55000e+01	+2.550956849954531e-02	+4.358749099422119e-01	-2.002183308964090e-18
3.56000e+01	+2.534870252646440e-02	+4.345901581517250e-01	-1.998087522642436e-18
3.57000e+01	+2.541439056060987e-02	+4.357420412597126e-01	-1.993707335803671e-18
3.58000e+01	+2.547702878448452e-02	+4.360076218624608e-01	-1.998579274081845e-18
3.59000e+01	+2.539999755353161e-02	+4.366623801369385e-01	-1.992543674921475e-18
3.60000e+01	+2.552719834423821e-02	+4.371352169766530e-01	-2.000961594922830e-18
3.61000e+01	+2.566565105688311e-02	+4.383109316939975e-01	-2.001634571325295e-18
3.62000e+01	+2.549737729613634e-02	+4.373929999738693e-01	-1.997657978819369e-18
3.63000e+01	+2.547605627094525e-02	+4.378827813186441e-01	-1.993445809600388e-18
3.64000e+01	+2.550110289442422e-02	+4.376434291205739e-01	-2.001407656041506e-18
3.65000e+01	+2.533965771715908e-02	+4.366993936672581e-01	-1.995817284612695e-18
3.66000e+01	+2.532632541109173e-02	+4.365177597190426e-01	-1.997620202319617e-18
3.67000e+01	+2.523002317889061e-02	+4.351550569344595e-01	-1.993676586573067e-18
3.68000e+01	+2.545946187244615e-02	+4.359956759781237e-01	-2.002431680323187e-18
3.69000e+01	+2.541536292770275e-02	+4.346493780579455e-01	-1.999097099075743e-18
3.70000e+01	+2.535221925659458e-02	+4.346447788586044e-01	-1.997001224139487e-18
3.71000e+01	+2.532606566113557e-02	+4.354918435871889e-01	-1.988959000930439e-18
3.72000e+01	+2.518687150144660e-02	+4.303601730420428e-01	+8.872441788474016e-19
3.73000e+01	+2.669735870403767e-02	+4.467370041598635e-01	+9.134668303471022e-19
3.74000e+01	+2.651447124826305e-02	+4.457059111871245e-01	+8.996018186038783e-19
3.75000e+01	+2.632776971915823e-02	+4.452926554511930e-01	+8.950973142291169e-19
3.76000e+01	+2.634351099162828e-02	+4.457786071689460e-01	+8.956942926194154e-19
3.77000e+01	+2.627360494843850e-02	+4.462811908712482e-01	+8.864462885715748e-19
3.78000e+01	+2.636831678940752e-02	+4.463768104635630e-01	+8.943461308372161e-19
3.79000e+01	+2.630998259415920e-02	+4.464150184842051e-01	+8.868380538724029e-19
3.80000e+01	+2.637641892107794e-02	+4.463722732987043e-01	+8.948044294414822e-19
3.81000e+01	+2.643654571875625e-02	+4.466098547411819e-01	+8.970392392076479e-19
3.82000e+01	+2.643355422214370e-02	+4.462775469152385e-01	+8.950514789282483e-19
3.83000e+01	+2.637128133483772e-02	+4.446383033062402e-01	+8.980478052623023e-19
3.84000e+01	+2.632844181589501e-02	+4.455344566456614e-01	+8.925031235730387e-19
3.85000e+01	+2.624175732040996e-02	+4.449248470324410e-01	+8.941883710572452e-19
3.86000e+01	+2.647671598813211e-02	+4.475228874022574e-01	+8.997201602913970e-19
3.87000e+01	+2.625795334713538e-02	+4.460776160422282e-01	+8.865125513468578e-19
3.88000e+01	+2.638476677734229e-02	+4.465653254038277e-01	+8.951568795461888e-19
3.89000e+01	+2.640217284212605e-02	+4.467982436377435e-01	+8.977886754312911e-19
3.90000e+01	+2.638344442030991e-02	+4.477011067196150e-01	+8.925950827614180e-19
3.91000e+01	+2.644909517800091e-02	+4.484771578185878e-01	+8.977141108104724e-19
3.92000e+01	+2.668861074351868e-02	+4.516470082007268e-01	+8.975104139737764e-19
3.93000e+01	+2.647620410492041e-02	+4.490661276591939e-01	+8.939439125514819e-19
3.94000e+01	+2.640465385849081e-02	+4.493347358675197e-01	+8.868727252054674e-19
3.95000e+01	+2.645015056545602e-02	+4.489633156957341e-01	+8.939657003448928e-19
3.96000e+01	+2.640800450798551e-02	+4.486313861508190e-01	+8.921690547207182e-19
3.97000e+01	+2.658308801141673e-02	+4.488795597520663e-01	+8.961713599543930e-19
3.98000e+01	+2.640486424764855e-02	+4.476717002083501e-01	+8.892363329746209e-19
3.99000e+01	+2.625986128728382e-02	+4.465347181324398e-01	+8.859965639973443e-19
4.00000e+01	+2.618737576338723e-02	+4.456469633252184e-01	+8.851659156863839e-19
4.01000e+01	+2.617897468586318e-02	+4.450928243677085e-01	+8.863508116342255e-19
4.02000e+01	+2.621857148919474e-02	+4.446102739068075e-01	+8.900477436365230e-19
4.03000e+01	+2.588623688305444e-02	+4.374599162364201e-01	+1.206907358610427e-18
4.04000e+01	+2.744772284600995e-02	+4.544948502689828e-01	+1.243847873084400e-18
4.05000e+01	+2.742981663492540e-02	+4.559346186202000e-01	+1.253649080045220e-18
4.06000e+01	+2.718846793923683e-02	+4.542908070160642e-01	+1.241615467427513e-18
4.07000e+01	+2.716133808171884e-02	+4.553460028112944e-01	+1.234028055618767e-18
4.08000e+01	+2.726245418178507e-02	+4.558037739681103e-01	+1.246738226125871e-18
4.09000e+01	+2.727009657051602e-02	+4.565306769843132e-01	+1.244322248852957e-18
4.10000e+01	+2.730472697421755e-02	+4.571754426927315e-01	+1.252562912695780e-18
4.11000e+01	+2.743914903950127e-02	+4.601333498755140e-01	+1.253328546586425e-18
4.12000e+01	+2.724703822227944e-02	+4.569947332948124e-01	+1.247172037702017e-18
4.13000e+01	+2.727381056854573e-02	+4.570908592597031e-01	+1.244809548725823e-18
4.14000e+01	+2.709819005751012e-02	+4.559370039716036e-01	+1.232511311671227e-18
4.15000e+01	+2.711960019848844e-02	+4.555997124202733e-01	+1.232275286856814e-18
4.16000e+01	+2.701958831452000e-02	+4.541033782646250e-01	+1.227120361445158e-18
4.17000e+01	+2.696298922135558e-02	+4.522447764469508e-01	+1.221948259673570e-18
4.18000e+01	+2.694241219023112e-02	+4.507099834350532e-01	+1.221440931548620e-18
4.19000e+01	+2.697390018082893e-02	+4.488213289534773e-01	+1.221098147570038e-18
4.20000e+01	+2.684604608153600e-02	+4.469099565186413e-01	+1.210858990030631e-18
4.21000e+01	+2.699105596835739e-02	+4.461064364760656e-01	+1.213801232022103e-18
4.22000e+01	+2.695497305862750e-02	+4.453156732966964e-01	+1.201853563434955e-18
4.23000e+01	+2.686038972036997e-02	+4.448538787189049e-01	+1.193223108509462e-18
4.24000e+01	+2.685539069040575e-02	+4.443268268767844e-01	+1.192602107912536e-18
4.25000e+01	+2.687845940470770e-02	+4.443031492381975e-01	+1.188738791318840e-18
4.26000e+01	+2.693930681916318e-02	+4.440951969365307e-01	+1.196927942733253e-18
4.27000e+01	+2.713598044960051e-02	+4.449407455129679e-01	+1.205024274606384e-18
4.28000e+01	+2.693041441053000e-02	+4.443849785822129e-01	+1.186934334413276e-18
4.29000e+01	+2.702852121495878e-02	+4.445729361363087e-01	+1.199419692414175e-18
4.30000e+01	+2.700367513134717e-02	+4.447869613082810e-01	+1.187849686967812e-18
4.31000e+01	+2.715485560920182e-02	+4.454548740392134e-01	+1.208441855385574e-18
4.32000e+01	+2.728168200849743e-02	+4.472739265505961e-01	+1.212234189972290e-18
4.33000e+01	+2.702548538987726e-02	+4.456975633965558e-01	+1.204648777765705e-18
4.34000e+01	+2.641592230648424e-02	+4.382777168236876e-01	+6.998644758375813e-19
4.35000e+01	+2.798996766557791e-02	+4.571218030631957e-01	+7.432149078644440e-19
4.36000e+01	+2.793024190366744e-02	+4.569285017225631e-01	+7.450573458079304e-19
4.37000e+01	+2.782341905676974e-02	+4.560208954281113e-01	+7.402834297257414e-19
4.38000e+01	+2.794659197472772e-02	+4.577128007148177e-01	+7.414269614933655e-19
4.39000e+01	+2.789088027722773e-02	+4.572284210270453e-01	+7.299691078985670e-19
4.40000e+01	+2.787129335268854e-02	+4.568765346320679e-01	+7.350852444605498e-19
4.41000e+01	+2.777852393952308e-02	+4.565097443699251e-01	+7.296031646489844e-19
4.42000e+01	+2.783023728760333e-02	+4.567863749587354e-01	+7.267009926631376e-19
4.43000e+01	+2.785937679023274e-02	+4.559382595156368e-01	+7.307222443513409e-19
4.44000e+01	+2.787903519275478e-02	+4.554967217051956e-01	+7.264770365177321e-19
4.45000e+01	+2.786038059684905e-02	+4.550126706229072e-01	+7.286604845657202e-19
4.46000e+01	+2.798036396214439e-02	+4.552501295674889e-01	+7.305036345938338e-19
4.47000e+01	+2.781469810730624e-02	+4.542201307342523e-01	+7.231423877650759e-19
4.48000e+01	+2.801024268730664e-02	+4.548596522828273e-01	+7.297164176800802e-19
4.49000e+01	+2.788532554038771e-02	+4.542275836695717e-01	+7.220674242380235e-19
4.50000e+01	+2.794020492595740e-02	+4.544524006728901e-01	+7.251006132044260e-19
4.51000e+01	+2.800955575168583e-02	+4.546124170397689e-01	+7.285930375781932e-19
4.52000e+01	+2.795612933172807e-02	+4.546328574935478e-01	+7.237245621148768e-19
4.53000e+01	+2.793298365887108e-02	+4.542447839452947e-01	+7.256135685485385e-19
4.54000e+01	+2.812030124905181e-02	+4.552197933469471e-01	+7.307774967610846e-19
4.55000e+01	+2.792902459364129e-02	+4.545108039407140e-01	+7.255401131005478e-19
4.56000e+01	+2.794211246546576e-02	+4.546438105993253e-01	+7.230425944887077e-19
4.57000e+01	+2.800389235802429e-02	+4.549509146250801e-01	+7.287129434003370e-19
4.58000e+01	+2.808116107796498e-02	+4.557615287370246e-01	+7.287649276195949e-19
4.59000e+01	+2.796661854538944e-02	+4.552048920650539e-01	+7.272320948835672e-19
4.60000e+01	+2.802804746547859e-02	+4.556335375180988e-01	+7.292118930413277e-19
4.61000e+01	+2.791474027593612e-02	+4.552895866304811e-01	+7.214721185153988e-19
4.62000e+01	+2.799852877107390e-02	+4.551832395548313e-01	+7.284813279126044e-19
4.63000e+01	+2.810679461154667e-02	+4.560188174487599e-01	+7.310703083928401e-19
4.64000e+01	+2.792163544791660e-02	+4.551413316124592e-01	+7.258784702110632e-19
4.65000e+01	+2.690753945291216e-02	+4.427338349191705e-01	-9.028723696402710e-19
4.66000e+01	+2.944070927779969e-02	+4.711808630623157e-01	-9.748223892787561e-19
4.67000e+01	+2.864920176295117e-02	+4.646713003542111e-01	-9.573520043493541e-19
4.68000e+01	+2.898014708805306e-02	+4.660513124428122e-01	-9.673870844325372e-19
4.69000e+01	+2.880962874586298e-02	+4.646126512766107e-01	-9.642617225258690e-19
4.70000e+01	+2.894255703790819e-02	+4.646085202787119e-01	-9.647298053298729e-19
4.71000e+01	+2.898647305368897e-02	+4.633934456946741e-01	-9.671522289528045e-19
4.72000e+01	+2.896550632655123e-02	+4.652618571958111e-01	-9.644917370869203e-19
4.73000e+01	+2.897436109785266e-02	+4.651462318851389e-01	-9.662969644419072e-19
4.74000e+01	+2.912448441284899e-02	+4.657568551908359e-01	-9.704406906189878e-19
4.75000e+01	+2.898467501064807e-02	+4.651809205545333e-01	-9.634933062773612e-19
4.76000e+01	+2.915761288547577e-02	+4.657106551081778e-01	-9.689393101249173e-19
4.77000e+01	+2.900414067393753e-02	+4.646279315108405e-01	-9.614697663809253e-19
4.78000e+01	+2.917059516121349e-02	+4.654386387919380e-01	-9.669049893749918e-19
4.79000e+01	+2.911184207608457e-02	+4.652563079718965e-01	-9.631090087490182e-19
4.80000e+01	+2.903924246765869e-02	+4.652121266966277e-01	-9.568139305952504e-19
4.81000e+01	+2.908851377549802e-02	+4.667903610826619e-01	-9.631604682149266e-19
4.82000e+01	+2.887597053425784e-02	+4.684821385711142e-01	-9.555641139960457e-19
4.83000e+01	+2.901309981806935e-02	+4.691108191525645e-01	-9.564569361870730e-19
4.84000e+01	+2.906962362376501e-02	+4.668712062876481e-01	-9.564776268694334e-19
4.85000e+01	+2.892564214231252e-02	+4.663511977910726e-01	-9.538992102943384e-19
4.86000e+01	+2.878366397796442e-02	+4.656913830590144e-01	-9.539614095178703e-19
4.87000e+01	+2.878041392165676e-02	+4.671190216311835e-01	-9.477923995946661e-19
4.88000e+01	+2.874808744275162e-02	+4.665554667184695e-01	-9.502084146590425e-19
4.89000e+01	+2.874471379907723e-02	+4.674512765223231e-01	-9.536517485363241e-19
4.90000e+01	+2.870352752331956e-02	+4.653721204194143e-01	-9.511114735814247e-19
4.91000e+01	+2.869629071440890e-02	+4.649516113492042e-01	-9.526426097597004e-19
4.92000e+01	+2.875603417562261e-02	+4.640523064233379e-01	-9.557356916554849e-19
4.93000e+01	+2.861031388812333e-02	+4.621734938722431e-01	-9.528288703436850e-19
4.94000e+01	+2.862221686987534e-02	+4.620535608165567e-01	-9.545654907060614e-19
4.95000e+01	+2.855937063952425e-02	+4.612810840035408e-01	-9.493220950439464e-19
4.96000e+01	+2.785612840010421e-02	+4.524606105844767e-01	-1.309259926320156e-18
4.97000e+01	+2.938132848207504e-02	+4.688670519174326e-01	-1.361876576135471e-18
4.98000e+01	+2.906646541109858e-02	+4.652261771812275e-01	-1.357605452524126e-18
4.99000e+01	+2.911945695731868e-02	+4.647339319738244e-01	-1.357161289493541e-18
5.00000e+01	+2.919560613863636e-02	+4.645315902772465e-01	-1.354960969651391e-18
5.01000e+01	+2.933224203735247e-02	+4.634674170798171e-01	-1.354570274456128e-18
5.02000e+01	+2.943069415529510e-02	+4.634598413271010e-01	-1.351344358335771e-18
5.03000e+01	+2.945456937065438e-02	+4.651237076992731e-01	-1.351188751333491e-18
5.04000e+01	+2.939410902979715e-02	+4.642062987991746e-01	-1.350358428132761e-18
5.05000e+01	+2.946514199109280e-02	+4.643777720196469e-01	-1.351963197325670e-18
5.06000e+01	+2.952004140860465e-02	+4.648714673204585e-01	-1.353310111841280e-18
5.07000e+01	+2.946948248390534e-02	+4.651004612642869e-01	-1.348608980265406e-18
5.08000e+01	+2.963808730858705e-02	+4.658775549644725e-01	-1.354681771149422e-18
5.09000e+01	+2.966144422646188e-02	+4.661214486552411e-01	-1.356292636801808e-18
5.10000e+01	+2.984010802664761e-02	+4.682031444018436e-01	-1.358679092124968e-18
5.11000e+01	+2.980143097370168e-02	+4.684703429978387e-01	-1.359264739988303e-18
5.12000e+01	+2.966737983320725e-02	+4.686728149387727e-01	-1.357978742829562e-18
5.13000e+01	+2.957961600983374e-02	+4.704494043132151e-01	-1.360336711674860e-18
5.14000e+01	+2.957181847520629e-02	+4.731360929796283e-01	-1.368564417043223e-18
5.15000e+01	+2.961917952611642e-02	+4.734609839912785e-01	-1.369864113995693e-18
5.16000e+01	+2.955399617621537e-02	+4.712069214163479e-01	-1.371911222437681e-18
5.17000e+01	+2.941680676815373e-02	+4.707932126642886e-01	-1.370823532004767e-18
5.18000e+01	+2.929157372262119e-02	+4.704308989750949e-01	-1.370592213621465e-18
5.19000e+01	+2.927360951407117e-02	+4.706264167579495e-01	-1.369037305274675e-18
5.20000e+01	+2.917091801559939e-02	+4.709978303872932e-01	-1.362438313827517e-18
5.21000e+01	+2.927279396398899e-02	+4.715460196479868e-01	-1.363899482440625e-18
5.22000e+01	+2.919173199068283e-02	+4.699657481487382e-01	-1.359475792023950e-18
5.23000e+01	+2.924403215881111e-02	+4.689678261338911e-01	-1.360878062187873e-18
5.24000e+01	+2.930037363830244e-02	+4.681089476368006e-01	-1.362841150252570e-18
5.25000e+01	+2.912221700733325e-02	+4.662547423979907e-01	-1.357598849570347e-18
5.26000e+01	+2.922463848932908e-02	+4.663265741108870e-01	-1.358526629563982e-18
5.27000e+01	+2.817122823580811e-02	+4.542838324773514e-01	+7.196207157162234e-19
5.28000e+01	+3.043643737988059e-02	+4.777529958508329e-01	+7.102973770988779e-19
5.29000e+01	+3.009852631953545e-02	+4.734392600251887e-01	+7.009584244022285e-19
5.30000e+01	+3.016581571644660e-02	+4.719399885644824e-01	+6.982378075882498e-19
5.31000e+01	+3.021634911334454e-02	+4.740441722993410e-01	+6.956245525862413e-19
5.32000e+01	+3.021645116536910e-02	+4.750756543520380e-01	+6.936703708003511e-19
5.33000e+01	+3.017057507515501e-02	+4.738583759040376e-01	+6.938155867593673e-19
5.34000e+01	+3.018353825491616e-02	+4.734238572814565e-01	+6.941855822949036e-19
5.35000e+01	+3.022046373979727e-02	+4.726745646628970e-01	+6.951903437753900e-19
5.36000e+01	+3.018851099871703e-02	+4.731330907669374e-01	+6.919020394170659e-19
5.37000e+01	+3.025571237924044e-02	+4.727263196889306e-01	+6.952837988361269e-19
5.38000e+01	+3.027223925661352e-02	+4.732631074861703e-01	+6.953990580047831e-19
5.39000e+01	+3.028657012706084e-02	+4.738811080994041e-01	+6.926565804207285e-19
5.40000e+01	+3.040467126985119e-02	+4.740910535038070e-01	+6.958002473648648e-19
5.41000e+01	+3.036973205098963e-02	+4.746034583203972e-01	+6.956337341775314e-19
5.42000e+01	+3.027456443227133e-02	+4.742192098229382e-01	+6.963234424411863e-19
5.43000e+01	+3.020549823536344e-02	+4.760771903107924e-01	+7.016530703595518e-19
5.44000e+01	+3.019723335378142e-02	+4.786264642810172e-01	+7.134652772949134e-19
5.45000e+01	+3.036342307572063e-02	+4.780968622106852e-01	+7.165148164912979e-19
5.46000e+01	+3.018741115348236e-02	+4.770368055530627e-01	+7.192404432990968e-19
5.47000e+01	+3.003027436499196e-02	+4.752541296235557e-01	+7.214510873431954e-19
5.48000e+01	+2.992711604546111e-02	+4.755696609824409e-01	+7.243210274857781e-19
5.49000e+01	+2.997504738362715e-02	+4.762211513098046e-01	+7.250897039895201e-19
5.50000e+01	+2.985076854405376e-02	+4.763139277805388e-01	+7.192485847003130e-19
5.51000e+01	+2.990799340333527e-02	+4.765533829744674e-01	+7.193004955693913e-19
5.52000e+01	+2.986945464352846e-02	+4.754966251466501e-01	+7.163193659772806e-19
5.53000e+01	+2.989948534160419e-02	+4.742319951729477e-01	+7.161553213716746e-19
5.54000e+01	+3.009554793237789e-02	+4.746276491361799e-01	+7.187294270059715e-19
5.55000e+01	+2.988183622888193e-02	+4.725840519346329e-01	+7.161676717085429e-19
5.56000e+01	+3.014966612214503e-02	+4.742401170680926e-01	+7.158858133323286e-19
5.57000e+01	+2.979063902104214e-02	+4.721502982128996e-01	+7.124927764001920e-19
5.58000e+01	+2.867755668976898e-02	+4.579342694144086e-01	+2.304936607741399e-18
5.59000e+01	+3.145901786810031e-02	+4.860891368682775e-01	+2.363400482121530e-18
5.60000e+01	+3.097102100822405e-02	+4.829751856840088e-01	+2.360719701626339e-18
5.61000e+01	+3.095181362984226e-02	+4.836930385068403e-01	+2.361314766795467e-18
5.62000e+01	+3.106128912643757e-02	+4.838284383188619e-01	+2.357612574353766e-18
5.63000e+01	+3.103428763303243e-02	+4.830584094950826e-01	+2.361715752905925e-18
5.64000e+01	+3.099991921514709e-02	+4.820858125509853e-01	+2.350722366435570e-18
5.65000e+01	+3.108297883743632e-02	+4.814274327782458e-01	+2.357872662565332e-18
5.66000e+01	+3.117234932019378e-02	+4.815721307484104e-01	+2.354860414584099e-18
5.67000e+01	+3.125614569516190e-02	+4.812891065638687e-01	+2.351575039230893e-18
5.68000e+01	+3.141273506752104e-02	+4.819399744818354e-01	+2.350619719635520e-18
5.69000e+01	+3.151373441321792e-02	+4.821809378278270e-01	+2.348344396158619e-18
5.70000e+01	+3.158748417826910e-02	+4.825475054999911e-01	+2.346491441331394e-18
5.71000e+01	+3.159148771249428e-02	+4.828259347933403e-01	+2.344270306311551e-18
5.72000e+01	+3.152290130576403e-02	+4.843106756898145e-01	+2.342046934110687e-18
5.73000e+01	+3.151343494538131e-02	+4.852653271796196e-01	+2.335755384714927e-18
5.74000e+01	+3.163366154547725e-02	+4.835271695473038e-01	+2.333415796108926e-18
5.75000e+01	+3.148797880928862e-02	+4.821155534487875e-01	+2.333528983294869e-18
5.76000e+01	+3.145740816076190e-02	+4.813019307751091e-01	+2.334635963736000e-18
5.77000e+01	+3.140656352816196e-02	+4.812813206822493e-01	+2.331075814035707e-18
5.78000e+01	+3.161166992827146e-02	+4.817337075056248e-01	+2.334940689486844e-18
5.79000e+01	+3.135095360923371e-02	+4.792291500464740e-01	+2.323824333133953e-18
5.80000e+01	+3.148517149660219e-02	+4.798278643692616e-01	+2.330742786026174e-18
5.81000e+01	+3.139435812608774e-02	+4.800631036138958e-01	+2.322008357106806e-18
5.82000e+01	+3.140236015356609e-02	+4.798459786068158e-01	+2.327003192362706e-18
5.83000e+01	+3.141643963316171e-02	+4.813814558224061e-01	+2.324706443115128e-18
5.84000e+01	+3.136614658344856e-02	+4.760217076242110e-01	+2.322603826984956e-18
5.85000e+01	+3.149390214323175e-02	+4.769027011816485e-01	+2.329639746417493e-18
5.86000e+01	+3.158071833803887e-02	+4.771933951625586e-01	+2.331231055173856e-18
5.87000e+01	+3.126056877512614e-02	+4.748329877366080e-01	+2.322465607277998e-18
5.88000e+01	+3.144180779697657e-02	+4.760619371739614e-01	+2.325484933893693e-18
5.89000e+01	+3.036481585076081e-02	+4.629611936858299e-01	+1.158004396107184e-18
5.90000e+01	+3.230285992936882e-02	+4.837150579941196e-01	+1.138312561533805e-18
5.91000e+01	+3.209177081884898e-02	+4.809549164356062e-01	+1.139016337378674e-18
5.92000e+01	+3.203239260732628e-02	+4.816515069274868e-01	+1.137139059403556e-18
5.93000e+01	+3.187051560497081e-02	+4.810691772692500e-01	+1.139070417775389e-18
5.94000e+01	+3.205997187720590e-02	+4.802571255206776e-01	+1.136953831592430e-18
5.95000e+01	+3.213499945760626e-02	+4.797553576923847e-01	+1.136497247480688e-18
5.96000e+01	+3.216045929187741e-02	+4.800751935632484e-01	+1.138880647356157e-18
5.97000e+01	+3.235793427451954e-02	+4.807203771362428e-01	+1.136435816445438e-18
5.98000e+01	+3.235034923931543e-02	+4.809958021282344e-01	+1.136863839917428e-18
5.99000e+01	+3.251668116345279e-02	+4.831184846076120e-01	+1.137850645473196e-18
6.00000e+01	+3.254658375425794e-02	+4.837917436502150e-01	+1.137486900752197e-18
