# Moment                
# CofR                  : (4.9746127460000000e-01 -1.6718957440000001e-02 1.2500000000000000e-01)
#
# Time                  	(total_x total_y total_z)	(pressure_x pressure_y pressure_z)	(viscous_x viscous_y viscous_z)
0.1                     	(3.3866831937530212e-01 -1.2628704338000890e-02 -2.9088242614513193e-01)	(3.3866637433029056e-01 -1.2521983724049897e-02 -2.9087117554464459e-01)	(1.9450450115360096e-06 -1.0672061395099418e-04 -1.1250600487371040e-05)
0.2                     	(8.6194478117066500e-02 5.6179962660583653e-04 -1.0633570774057968e-01)	(8.6192106076909386e-02 6.5727851976300658e-04 -1.0632279293624623e-01)	(2.3720401571122304e-06 -9.5478893157170073e-05 -1.2914804333455483e-05)
0.3                     	(3.8786205338986621e-02 -2.9792670994885908e-03 -4.7896589463702365e-02)	(3.8783558854384607e-02 -2.8892291880792879e-03 -4.7883672699025159e-02)	(2.6464846020101015e-06 -9.0037911409303109e-05 -1.2916764677204904e-05)
0.4                     	(2.3768272385720483e-02 -1.6525791690765381e-03 -3.7863188891322376e-02)	(2.3765812693620252e-02 -1.5670322222203486e-03 -3.7850634439419918e-02)	(2.4596921002306980e-06 -8.5546946856189575e-05 -1.2554451902460975e-05)
0.5                     	(4.0278317209581922e-02 -1.4553360032776026e-03 -5.3197987610380998e-02)	(4.0276192789340269e-02 -1.3734675552665371e-03 -5.3186098904652923e-02)	(2.1244202416564196e-06 -8.1868448011065538e-05 -1.1888705728072774e-05)
0.6                     	(4.7406943919157431e-02 -1.2770826989810923e-03 -6.0136400436153079e-02)	(4.7404568486877421e-02 -1.1977820797976200e-03 -6.0124395525016784e-02)	(2.3754322800110194e-06 -7.9300619183472320e-05 -1.2004911136296230e-05)
0.7                     	(5.1887717132249662e-02 -1.3433429546864720e-03 -6.3204614148462832e-02)	(5.1884954331752511e-02 -1.2665392588680619e-03 -6.3192437211549116e-02)	(2.7628004971531749e-06 -7.6803695818410150e-05 -1.2176936913709765e-05)
0.8                     	(5.4096959315000991e-02 -1.7782615785398132e-03 -6.3710908854635859e-02)	(5.4093437064950081e-02 -1.7036965818713792e-03 -6.3698240611980081e-02)	(3.5222500509078321e-06 -7.4564996668434022e-05 -1.2668242655778048e-05)
0.9                     	(4.6272484196972337e-02 -1.7663723623852056e-03 -5.5330272103225685e-02)	(4.6268687995558909e-02 -1.6930492416591838e-03 -5.5317448407691476e-02)	(3.7962014134301099e-06 -7.3323120726021684e-05 -1.2823695534205803e-05)
1                       	(3.9810847554562497e-02 -1.8851269613155966e-03 -4.8632779955046217e-02)	(3.9807239199003967e-02 -1.8124963344880230e-03 -4.8620149033752377e-02)	(3.6083555585286197e-06 -7.2630626827573612e-05 -1.2630921293838811e-05)
1.1                     	(3.3243232967856431e-02 -1.7153391677264607e-03 -4.2724328184858426e-02)	(3.3240076811963386e-02 -1.6429889713774073e-03 -4.2712094181392067e-02)	(3.1561558930434735e-06 -7.2350196349053400e-05 -1.2234003466359390e-05)
1.2                     	(3.1099767727761879e-02 -1.3423962639427880e-03 -4.1600442415493911e-02)	(3.1096984723399460e-02 -1.2706061823695210e-03 -4.1588586017208724e-02)	(2.7830043624202895e-06 -7.1790081573266969e-05 -1.1856398285184836e-05)
1.3                     	(4.0408707200723051e-02 -1.3498466643606152e-03 -5.1400773422395879e-02)	(4.0405927114392580e-02 -1.2784838611052838e-03 -5.1388897218063126e-02)	(2.7800863304713311e-06 -7.1362803255331335e-05 -1.1876204332752037e-05)
1.4                     	(4.3980559943887727e-02 -1.0844713774440904e-03 -5.5603477013519802e-02)	(4.3977665050263015e-02 -1.0136263616002130e-03 -5.5591583131268704e-02)	(2.8948936247098498e-06 -7.0845015843877402e-05 -1.1893882251099135e-05)
1.5                     	(5.1774705102455375e-02 -1.4630275522164401e-03 -6.2630802032518945e-02)	(5.1771447672250698e-02 -1.3934046540763636e-03 -6.2618686383245067e-02)	(3.2574302046784080e-06 -6.9622898140076463e-05 -1.2115649273871060e-05)
1.6                     	(5.4298252651050018e-02 -1.7584400159088359e-03 -6.4125618448467980e-02)	(5.4294409908517215e-02 -1.6900110115642330e-03 -6.4113097163128199e-02)	(3.8427425328021497e-06 -6.8429004344602862e-05 -1.2521285339783913e-05)
1.7                     	(5.0762796508397254e-02 -1.9177205416153270e-03 -5.9462649641533250e-02)	(5.0758763745768584e-02 -1.8499662755725251e-03 -5.9450026088997722e-02)	(4.0327626286714211e-06 -6.7754266042801804e-05 -1.2623552535529523e-05)
1.8                     	(4.2424944503970080e-02 -2.0472767487935578e-03 -5.0909642862124231e-02)	(4.2421000672496392e-02 -1.9793660884226657e-03 -5.0897093986973875e-02)	(3.9438314736859785e-06 -6.7910660370892266e-05 -1.2548875150358778e-05)
1.9                     	(3.7139191957972863e-02 -2.0716656712942293e-03 -4.6214269660296521e-02)	(3.7135698862868910e-02 -2.0029952152752998e-03 -4.6201995203600320e-02)	(3.4930951039506731e-06 -6.8670456018929301e-05 -1.2274456696200390e-05)
2                       	(3.2533201143962208e-02 -1.6910253992103517e-03 -4.2539073634003832e-02)	(3.2530392994155041e-02 -1.6223334484866919e-03 -4.2527435837294618e-02)	(2.8081498071683527e-06 -6.8691950723659802e-05 -1.1637796709212802e-05)
2.1                     	(3.9424998027370178e-02 -1.6234735325725120e-03 -5.0006116189187939e-02)	(3.9422299715699050e-02 -1.5548462001845962e-03 -4.9994572585488034e-02)	(2.6983116711295162e-06 -6.8627332387915632e-05 -1.1543603699908568e-05)
2.2                     	(4.2189578158064178e-02 -1.2219667491287158e-03 -5.3757059260125098e-02)	(4.2186767672436121e-02 -1.1535053087039161e-03 -5.3745427578164029e-02)	(2.8104856280565953e-06 -6.8461440424799733e-05 -1.1631681961066346e-05)
2.3                     	(5.0417387178775655e-02 -1.5349368228836043e-03 -6.1615755714041619e-02)	(5.0414251558660597e-02 -1.4670525999051325e-03 -6.1603893436646795e-02)	(3.1356201150612048e-06 -6.7884222978471993e-05 -1.1862277394825610e-05)
2.4                     	(5.5143598818398087e-02 -1.8244880768518758e-03 -6.5508609724726399e-02)	(5.5139917984493893e-02 -1.7571566445329818e-03 -6.5496263326722398e-02)	(3.6808339041947072e-06 -6.7331432318893937e-05 -1.2346398004002561e-05)
2.5                     	(5.2286782527778061e-02 -1.9119680936534721e-03 -6.1399907895394415e-02)	(5.2282801002271964e-02 -1.8451762987573294e-03 -6.1387366605884813e-02)	(3.9815255060994297e-06 -6.6791794896142715e-05 -1.2541289509602253e-05)
2.6                     	(4.7827781648678874e-02 -2.1965184384651892e-03 -5.6115625441029243e-02)	(4.7823788959230909e-02 -2.1302265923133137e-03 -5.6103117605585985e-02)	(3.9926894479638806e-06 -6.6291846151875542e-05 -1.2507835443257622e-05)
2.7                     	(3.9095341657945142e-02 -2.1809800877784801e-03 -4.7801213240436700e-02)	(3.9091429116624471e-02 -2.1145062682742595e-03 -4.7788701398298841e-02)	(3.9125413206704734e-06 -6.6473819504220505e-05 -1.2511842137859304e-05)
2.8                     	(3.3647630986209598e-02 -1.9653984788620296e-03 -4.3189203067764456e-02)	(3.3644229233216694e-02 -1.8985426333744068e-03 -4.3177142091367179e-02)	(3.4017529929031717e-06 -6.6855845487622835e-05 -1.2060976397273570e-05)
2.9                     	(3.8015286456556122e-02 -1.8004520757117278e-03 -4.8364999933624572e-02)	(3.8012369418164604e-02 -1.7332959051769208e-03 -4.8353318637011596e-02)	(2.9170383915198066e-06 -6.7156170534807025e-05 -1.1681296612975365e-05)
3                       	(4.2447292523642551e-02 -1.5454018866734075e-03 -5.3424884959476525e-02)	(4.2444416927136547e-02 -1.4781133642590494e-03 -5.3413186166688553e-02)	(2.8755965060004119e-06 -6.7288522414358040e-05 -1.1698792787972794e-05)
3.1                     	(4.6993775811220613e-02 -1.4151676458279087e-03 -5.8298730682088233e-02)	(4.6990686909787471e-02 -1.3480175241244367e-03 -5.8286908248093565e-02)	(3.0889014331403764e-06 -6.7150121703472027e-05 -1.1822433994664958e-05)
3.2                     	(5.4347986400569301e-02 -1.8058490842549435e-03 -6.4949157944853883e-02)	(5.4344411897800891e-02 -1.7388188101204530e-03 -6.4936881966946081e-02)	(3.5745027684080311e-06 -6.7030274134490539e-05 -1.2275977907804027e-05)
3.3                     	(5.4259606398774966e-02 -1.9249879711749876e-03 -6.3700648549101929e-02)	(5.4255749513027036e-02 -1.8582971328537452e-03 -6.3688196677118378e-02)	(3.8568857479318247e-06 -6.6690838321242462e-05 -1.2451871983557725e-05)
3.4                     	(4.8155758099602521e-02 -1.9895466484324848e-03 -5.6683862206289987e-02)	(4.8151825937924199e-02 -1.9233271955651267e-03 -5.6671416920197740e-02)	(3.9321616783221846e-06 -6.6219452867358195e-05 -1.2445286092249028e-05)
3.5                     	(4.1584777085793209e-02 -2.2228716340773084e-03 -4.9893192433013857e-02)	(4.1580857253832988e-02 -2.1566065675720988e-03 -4.9880751480039509e-02)	(3.9198319602234600e-06 -6.6265066505209573e-05 -1.2440952974346048e-05)
3.6                     	(3.5416153164256559e-02 -2.0878026333024436e-03 -4.4473417961724382e-02)	(3.5412664845054995e-02 -2.0213040831563349e-03 -4.4461360547652630e-02)	(3.4883192015662794e-06 -6.6498550146108613e-05 -1.2057414071751774e-05)
3.7                     	(3.6094588854733801e-02 -1.8838411390273834e-03 -4.5948721778541632e-02)	(3.6091533234289583e-02 -1.8173452637523346e-03 -4.5937051178385181e-02)	(3.0556204442209029e-06 -6.6495875275048762e-05 -1.1670600156453533e-05)
3.8                     	(4.0455050436972541e-02 -1.6376952155343111e-03 -5.1025237580757651e-02)	(4.0452140864940943e-02 -1.5710548435302171e-03 -5.1013636496017027e-02)	(2.9095720315996522e-06 -6.6640372004094005e-05 -1.1601084740620841e-05)
3.9                     	(4.4306992402872204e-02 -1.3456478061786021e-03 -5.5552985660222848e-02)	(4.4304005026977969e-02 -1.2792494971011373e-03 -5.5541334755579833e-02)	(2.9873758942359381e-06 -6.6398309077464953e-05 -1.1650904643012178e-05)
4                       	(5.2919843076167469e-02 -1.7747211696012488e-03 -6.3665107016522185e-02)	(5.2916455556044677e-02 -1.7087390634323314e-03 -6.3653154065797468e-02)	(3.3875201227937407e-06 -6.5982106168917536e-05 -1.1952950724714536e-05)
4.1                     	(5.3570395345680991e-02 -1.7720348295221201e-03 -6.3641444577718143e-02)	(5.3566552970455150e-02 -1.7063986835858154e-03 -6.3629071212313953e-02)	(3.8423752258405134e-06 -6.5636145936304714e-05 -1.2373365404191492e-05)
4.2                     	(5.0680735574901645e-02 -2.0556468903621451e-03 -5.9168472009352116e-02)	(5.0676490120544794e-02 -1.9908315969150094e-03 -5.9155831514904639e-02)	(4.2454543568506839e-06 -6.4815293447135821e-05 -1.2640494447480688e-05)
4.3                     	(3.9719285993698381e-02 -3.5193577653268144e-03 -4.4294796774027770e-02)	(3.9714604052790266e-02 -3.4553603695074695e-03 -4.4282034185375345e-02)	(4.6819409081113067e-06 -6.3997395819345051e-05 -1.2762588652425204e-05)
4.4                     	(2.2439242611360457e-02 -3.6833274775606674e-03 -2.8961604237755782e-02)	(2.2434941203101216e-02 -3.6189524283519502e-03 -2.8949152342204184e-02)	(4.3014082592393880e-06 -6.4375049208717240e-05 -1.2451895551598323e-05)
4.5                     	(1.5675748944471435e-02 -2.8286132046984229e-03 -2.4448066101522867e-02)	(1.5672690356476324e-02 -2.7640575405018840e-03 -2.4436629953292568e-02)	(3.0585879951096378e-06 -6.4555664196539058e-05 -1.1436148230299160e-05)
4.6                     	(2.9062560243024439e-02 -1.7077550158267753e-03 -4.0123982926911432e-02)	(2.9060414882071992e-02 -1.6428641856263706e-03 -4.0113269824799680e-02)	(2.1453609524470005e-06 -6.4890830200404662e-05 -1.0713102111750058e-05)
4.7                     	(4.7152902565429033e-02 -1.4005717273535459e-03 -5.9946289523999587e-02)	(4.7150733882163988e-02 -1.3348715231210838e-03 -5.9935269496180756e-02)	(2.1686832650434852e-06 -6.5700204232461995e-05 -1.1020027818832917e-05)
4.8                     	(6.0478423986767678e-02 -1.2760637877520520e-03 -7.4143379914521218e-02)	(6.0475681712856270e-02 -1.2105632258480009e-03 -7.4131785047469645e-02)	(2.7422739114095297e-06 -6.5500561904051100e-05 -1.1594867051572309e-05)
4.9                     	(7.6820137371026512e-02 -2.3772829781702133e-03 -8.7868335005705026e-02)	(7.6816643489455522e-02 -2.3120173310348878e-03 -8.7856356189822946e-02)	(3.4938815709878958e-06 -6.5265647135325584e-05 -1.1978815882075211e-05)
5                       	(6.9575480539762452e-02 -1.7878877918943515e-03 -7.7861064123736196e-02)	(6.9570882644436477e-02 -1.7232402257947401e-03 -7.7848094669462159e-02)	(4.5978953259760059e-06 -6.4647566099611299e-05 -1.2969454274041007e-05)
5.1                     	(4.7257193099534030e-02 -2.1736588638490732e-03 -5.3581946091801155e-02)	(4.7252615075884012e-02 -2.1092934366540822e-03 -5.3569228843708433e-02)	(4.5780236500192904e-06 -6.4365427194990995e-05 -1.2717248092725736e-05)
5.2                     	(3.1196032106528861e-02 -3.2282666600483480e-03 -3.7228152394770939e-02)	(3.1191258987377558e-02 -3.1632342284980408e-03 -3.7215117702344765e-02)	(4.7731191513016570e-06 -6.5032431550307246e-05 -1.3034692426173576e-05)
5.3                     	(1.6452183511718094e-02 -2.9485131165213150e-03 -2.4783439437251274e-02)	(1.6448795571460111e-02 -2.8827929316791504e-03 -2.4771550104234964e-02)	(3.3879402579815884e-06 -6.5720184842164714e-05 -1.1889333016309011e-05)
5.4                     	(2.3415905376955575e-02 -1.8603762042126986e-03 -3.3951556684486434e-02)	(2.3413471369807495e-02 -1.7946010887574574e-03 -3.3940505128615128e-02)	(2.4340071480801691e-06 -6.5775115455241246e-05 -1.1051555871302145e-05)
5.5                     	(3.9760841829267542e-02 -1.1311030354269822e-03 -5.2374718140572429e-02)	(3.9758889115007086e-02 -1.0648769120339423e-03 -5.2363941189914283e-02)	(1.9527142604562751e-06 -6.6226123393039966e-05 -1.0776950658143611e-05)
5.6                     	(5.3180167662785618e-02 -8.6497755703731261e-04 -6.7037502618860087e-02)	(5.3177484587839302e-02 -7.9884801471065371e-04 -6.7025835907933137e-02)	(2.6830749463147983e-06 -6.6129542326658940e-05 -1.1666710926952317e-05)
5.7                     	(7.3194548066590731e-02 -2.0925193425546367e-03 -8.5538412918900728e-02)	(7.3191669749061855e-02 -2.0267708368033621e-03 -8.5526979266651829e-02)	(2.8783175288793524e-06 -6.5748505751274852e-05 -1.1433652248901472e-05)
5.8                     	(7.8844171298455196e-02 -2.2800867710486656e-03 -8.8039417969620393e-02)	(7.8839713293344438e-02 -2.2148300777700375e-03 -8.8026505384204562e-02)	(4.4580051107629595e-06 -6.5256693278628272e-05 -1.2912585415833712e-05)
5.9                     	(5.7345838099924829e-02 -1.7429294273342108e-03 -6.4432043257645122e-02)	(5.7341028537409015e-02 -1.6784157034128505e-03 -6.4418983821489986e-02)	(4.8095625158107581e-06 -6.4513723921360381e-05 -1.3059436155137687e-05)
6                       	(4.2236791111096225e-02 -2.9837311731949439e-03 -4.7677608042960153e-02)	(4.2232061308129121e-02 -2.9188570461031399e-03 -4.7664713728622382e-02)	(4.7298029671028767e-06 -6.4874127091803962e-05 -1.2894314337771494e-05)
6.1                     	(2.0726220662396988e-02 -3.0683230933297445e-03 -2.8466268247256395e-02)	(2.0722036954644717e-02 -3.0023822982238506e-03 -2.8453598718641445e-02)	(4.1837077522718845e-06 -6.5940795105893976e-05 -1.2669528614948879e-05)
6.2                     	(2.0616378301966238e-02 -2.2458942200291559e-03 -3.0233031881388157e-02)	(2.0613401345032773e-02 -2.1800838920763418e-03 -3.0221465877564860e-02)	(2.9769569334654857e-06 -6.5810327952813975e-05 -1.1566003823297265e-05)
6.3                     	(3.3810586820987851e-02 -1.2889063789092747e-03 -4.5771966607174093e-02)	(3.3808296598030280e-02 -1.2228211190088972e-03 -4.5760894678700571e-02)	(2.2902229575677063e-06 -6.6085259900377453e-05 -1.1071928473519164e-05)
6.4                     	(5.2321953154992967e-02 -1.1887285677203614e-03 -6.5707553921938888e-02)	(5.2319407522680446e-02 -1.1226907358831881e-03 -6.5696013952292798e-02)	(2.5456323125230773e-06 -6.6037831837173272e-05 -1.1539969646094340e-05)
6.5                     	(6.5740197906777889e-02 -1.3320845422910034e-03 -7.9252574978163071e-02)	(6.5737263751385194e-02 -1.2668816454711133e-03 -7.9240797310560371e-02)	(2.9341553926912447e-06 -6.5202896819890191e-05 -1.1777667602700595e-05)
6.6                     	(7.9407026676397638e-02 -2.2786182970179433e-03 -8.9721284717357477e-02)	(7.9402828369486672e-02 -2.2139225373263979e-03 -8.9708588628465119e-02)	(4.1983069109633111e-06 -6.4695759691545568e-05 -1.2696088892352772e-05)
6.7                     	(6.7537464509624209e-02 -1.6213491101314595e-03 -7.5439538128968073e-02)	(6.7532578230787552e-02 -1.5573710127231581e-03 -7.5426369619157912e-02)	(4.8862788366548251e-06 -6.3978097408301304e-05 -1.3168509810157326e-05)
6.8                     	(4.3677020400649871e-02 -2.3065470087345065e-03 -4.9803037268166414e-02)	(4.3672380205852936e-02 -2.2424347101208191e-03 -4.9790284515537589e-02)	(4.6401947969387101e-06 -6.4112298613687582e-05 -1.2752752628828257e-05)
6.9                     	(2.7922248271383194e-02 -3.2103973071359046e-03 -3.4344556867843788e-02)	(2.7917527989318174e-02 -3.1451002265798014e-03 -3.4331491455994338e-02)	(4.7202820650194216e-06 -6.5297080556103070e-05 -1.3065411849448470e-05)
7                       	(1.7107458529019993e-02 -2.6671242957281554e-03 -2.5770931430762978e-02)	(1.7104136327736285e-02 -2.6008933866379148e-03 -2.5758977906963569e-02)	(3.3222012837076289e-06 -6.6230909090240743e-05 -1.1953523799407437e-05)
7.1                     	(3.1380679593193468e-02 -1.7295095295642379e-03 -4.2233225147729272e-02)	(3.1378254267029879e-02 -1.6634177613630747e-03 -4.2222073366688206e-02)	(2.4253261635892859e-06 -6.6091768201163138e-05 -1.1151781041063175e-05)
7.2                     	(3.8715327566055682e-02 -2.9984432515109302e-04 -5.2414561614705757e-02)	(3.8712817257519523e-02 -2.3366182623583439e-04 -5.2403046845557910e-02)	(2.5103085361597970e-06 -6.6182498915258632e-05 -1.1514769147849129e-05)
7.3                     	(5.9369412866600441e-02 -1.0668203223328373e-03 -7.3373615390420879e-02)	(5.9366911338361569e-02 -1.0004236593789718e-03 -7.3362258042952280e-02)	(2.5015282388735928e-06 -6.6396662953865395e-05 -1.1357347468593044e-05)
7.4                     	(7.8077947534815784e-02 -2.0692311609378585e-03 -8.9798811310381685e-02)	(7.8074089890627377e-02 -2.0040768417084061e-03 -8.9786250867128464e-02)	(3.8576441884057617e-06 -6.5154319229452422e-05 -1.2560443253224244e-05)
7.5                     	(7.7145551078280666e-02 -1.9695357561513960e-03 -8.5756154132096474e-02)	(7.7140771627379340e-02 -1.9045954850555229e-03 -8.5742903945245863e-02)	(4.7794509013207445e-06 -6.4940271095872854e-05 -1.3250186850613780e-05)
7.6                     	(5.3315052717450642e-02 -1.8658532361359927e-03 -6.0082871130825825e-02)	(5.3310228633320321e-02 -1.8012707341620647e-03 -6.0069809396271351e-02)	(4.8240841303242509e-06 -6.4582501973927946e-05 -1.3061734554473170e-05)
7.7                     	(3.6707913914753802e-02 -3.0186875184802760e-03 -4.2585980608441175e-02)	(3.6702974909959510e-02 -2.9534411310236548e-03 -4.2572709205005485e-02)	(4.9390047942930707e-06 -6.5246387456621154e-05 -1.3271403435687547e-05)
7.8                     	(1.8555459481287406e-02 -2.8844058335406068e-03 -2.6751884050657239e-02)	(1.8551716490036761e-02 -2.8179739019828344e-03 -2.6739532865354257e-02)	(3.7429912506449286e-06 -6.6431931557772248e-05 -1.2351185302981373e-05)
7.9                     	(2.2475418153196310e-02 -1.8761084418794087e-03 -3.2864611357714325e-02)	(2.2472712099777914e-02 -1.8098253271021396e-03 -3.2853194958476536e-02)	(2.7060534183960028e-06 -6.6283114777269248e-05 -1.1416399237788935e-05)
8                       	(4.0971005761529844e-02 -1.2599882830107846e-03 -5.3319787727371858e-02)	(4.0968797974838995e-02 -1.1935225541931176e-03 -5.3308725820848182e-02)	(2.2077866908478512e-06 -6.6465728817667019e-05 -1.1061906523673867e-05)
8.1                     	(5.9728740997660942e-02 -1.5030800944410129e-03 -7.3170529763426986e-02)	(5.9726052317003911e-02 -1.4367783665671131e-03 -7.3158816137275165e-02)	(2.6886806570338057e-06 -6.6301727873899799e-05 -1.1713626151815382e-05)
8.2                     	(7.1423029614430186e-02 -1.6355520723954774e-03 -8.4399299606145423e-02)	(7.1419911296603633e-02 -1.5702170926331453e-03 -8.4387433359245770e-02)	(3.1183178265570846e-06 -6.5334979762332119e-05 -1.1866246899657862e-05)
8.3                     	(8.0648392673729238e-02 -2.2593974709872095e-03 -9.0293490529585532e-02)	(8.0643852001689845e-02 -2.1945659182925187e-03 -9.0280483882816939e-02)	(4.5406720393989884e-06 -6.4831552694690893e-05 -1.3006646768590342e-05)
8.4                     	(6.3323900472550168e-02 -2.0678395026978362e-03 -6.8936380651871132e-02)	(6.3318638490084886e-02 -2.0037934082555017e-03 -6.8922927745694765e-02)	(5.2619824652882080e-06 -6.4046094442334652e-05 -1.3452906176364095e-05)
8.5                     	(3.3939852965087260e-02 -5.1275941225505705e-03 -3.3077800468270455e-02)	(3.3934302341224319e-02 -5.0646919387532970e-03 -3.3064645837934961e-02)	(5.5506238629379579e-06 -6.2902183797273342e-05 -1.3154630335491273e-05)
8.6                     	(-2.3982811307372565e-03 -6.8531907526178781e-03 -2.3938831266958312e-03)	(-2.4050252081609831e-03 -6.7918614703313162e-03 -2.3787552532659752e-03)	(6.7440774237265970e-06 -6.1329282286561905e-05 -1.5127873429856043e-05)
8.7                     	(-5.2591286923315220e-03 -5.2363520307040822e-03 -3.4549416184984465e-03)	(-5.2632419390775979e-03 -5.1727208807541853e-03 -3.4419654324009778e-03)	(4.1132467460758228e-06 -6.3631149949896725e-05 -1.2976186097468437e-05)
8.8                     	(1.7805720829234113e-02 -7.9770781172512563e-04 -3.0139454698946144e-02)	(1.7804625155039548e-02 -7.3202830778008269e-04 -3.0129383106394347e-02)	(1.0956741945636883e-06 -6.5679503945042928e-05 -1.0071592551795204e-05)
8.9                     	(6.0546136713086174e-02 -1.6378037609630913e-03 -7.6255172552499570e-02)	(6.0543046008372604e-02 -1.5719583733900450e-03 -7.6242284993841183e-02)	(3.0907047135687190e-06 -6.5845387573046320e-05 -1.2887558658383413e-05)
9                       	(8.4956299654878178e-02 -1.6365137962699493e-03 -1.0323691449925787e-01)	(8.4953562860094103e-02 -1.5698801110295710e-03 -1.0322483869500775e-01)	(2.7367947840735084e-06 -6.6633685240378407e-05 -1.2075804250126086e-05)
9.1                     	(1.1333024174086423e-01 -3.0709229550078833e-03 -1.2556764974868920e-01)	(1.1332504013447969e-01 -3.0079042878357028e-03 -1.2555367321956967e-01)	(5.2016063845317264e-06 -6.3018667172180456e-05 -1.3976529119516595e-05)
9.2                     	(9.6655801866045762e-02 -2.1690567655641146e-03 -1.0205644202676409e-01)	(9.6649872189956826e-02 -2.1062120983772535e-03 -1.0204236799902353e-01)	(5.9296760889410560e-06 -6.2844667186860972e-05 -1.4074027740566760e-05)
9.3                     	(5.1278237868174495e-02 -2.8721088017242958e-03 -5.3273949801620514e-02)	(5.1271838826160418e-02 -2.8094337713279634e-03 -5.3259723367997239e-02)	(6.3990420140760934e-06 -6.2675030396332456e-05 -1.4226433623275589e-05)
9.4                     	(1.4188313153790008e-02 -5.5052368250857403e-03 -1.7178239654012082e-02)	(1.4182101477915647e-02 -5.4425704693527345e-03 -1.7164048223274147e-02)	(6.2116758743600920e-06 -6.2666355733005999e-05 -1.4191430737935603e-05)
9.5                     	(-7.4199017582437850e-03 -6.0711330273409648e-03 4.4128039872117788e-04)	(-7.4255630453203911e-03 -6.0073441223306859e-03 4.5588295991440828e-04)	(5.6612870766065065e-06 -6.3788905010279167e-05 -1.4602561193230414e-05)
9.6                     	(9.3708023362585255e-03 -2.4100169535987343e-03 -2.0720136453898003e-02)	(9.3676657318201659e-03 -2.3442293377616292e-03 -2.0707568214693196e-02)	(3.1366044383602062e-06 -6.5787615837105322e-05 -1.2568239204807089e-05)
9.7                     	(3.4425929247495983e-02 3.5311091774584591e-04 -5.0547707275362896e-02)	(3.4423743752955968e-02 4.1908434607057174e-04 -5.0535906109621657e-02)	(2.1854945400152375e-06 -6.5973428324725799e-05 -1.1801165741242031e-05)
9.8                     	(6.7992440268674625e-02 2.2798700335347101e-04 -8.6940790870801629e-02)	(6.7990313591093643e-02 2.9473474039264417e-04 -8.6929329061117472e-02)	(2.1266775809876111e-06 -6.6747737039173159e-05 -1.1461809684162165e-05)
9.9                     	(1.1118478126260202e-01 -3.4682478661580344e-03 -1.2647999250814373e-01)	(1.1118060341145194e-01 -3.4045379354829463e-03 -1.2646680693245069e-01)	(4.1778511500730230e-06 -6.3709930675088139e-05 -1.3185575693043080e-05)
10                      	(1.0960748255100260e-01 -2.4073387595871798e-03 -1.1663154384049670e-01)	(1.0960087575172842e-01 -2.3464462139340236e-03 -1.1661647048283247e-01)	(6.6067992741756667e-06 -6.0892545653156196e-05 -1.5073357664238275e-05)
10.1                    	(7.0244612802783921e-02 -1.9740676818376462e-03 -7.3139120340493469e-02)	(7.0238203492613824e-02 -1.9121749705239472e-03 -7.3124832257451158e-02)	(6.4093101700941181e-06 -6.1892711313698938e-05 -1.4288083042316134e-05)
10.2                    	(3.3812401503049205e-02 -4.7113056606123771e-03 -3.4939406430264296e-02)	(3.3806085173053932e-02 -4.6493559202306512e-03 -3.4925454401565269e-02)	(6.3163299952760282e-06 -6.1949740381725572e-05 -1.3952028699025247e-05)
10.3                    	(-3.6365709855626874e-03 -6.2045922672013887e-03 -2.4038731285297285e-03)	(-3.6432513310232480e-03 -6.1421422924320306e-03 -2.3885798547632143e-03)	(6.6803454605607447e-06 -6.2449974769357785e-05 -1.5293273766514230e-05)
10.4                    	(-2.5214941239855765e-04 -3.6923256227722133e-03 -9.2987244300189887e-03)	(-2.5596920381270628e-04 -3.6270151026050286e-03 -9.2856976019832539e-03)	(3.8197914141486211e-06 -6.5310520167184753e-05 -1.3026828035734862e-05)
10.5                    	(2.2027808821418859e-02 3.3772761876970571e-05 -3.6746721801276444e-02)	(2.2027232778519659e-02 1.0149731940598911e-04 -3.6737000832522737e-02)	(5.7604289920184800e-07 -6.7724557529018535e-05 -9.7209687537049036e-06)
10.6                    	(6.3995755862910536e-02 -1.3528204590368726e-03 -8.0593720870250338e-02)	(6.3994479154004136e-02 -1.2844839816659190e-03 -8.0583086642411719e-02)	(1.2767089063943060e-06 -6.8336477370953481e-05 -1.0634227838615347e-05)
10.7                    	(9.7714145610024103e-02 -2.5024057158052858e-03 -1.1570710197222099e-01)	(9.7711408288446461e-02 -2.4357022341171637e-03 -1.1569503275043411e-01)	(2.7373215776375006e-06 -6.6703481688122049e-05 -1.2069221786881315e-05)
10.8                    	(1.1340847015150421e-01 -2.6945175510201128e-03 -1.2266522982995175e-01)	(1.1340289072696481e-01 -2.6316382742078226e-03 -1.2265087769817716e-01)	(5.5794245393920777e-06 -6.2879276812290299e-05 -1.4352131774582097e-05)
10.9                    	(9.9542537184639637e-02 -2.5797100550917365e-03 -1.0261135764308378e-01)	(9.9536682708061056e-02 -2.5166395935124447e-03 -1.0259742154390286e-01)	(5.8544765785771818e-06 -6.3070461579291950e-05 -1.3936099180913607e-05)
11                      	(4.0494038780047738e-02 -3.6048113785066577e-03 -4.2122909239904791e-02)	(4.0487713355290500e-02 -3.5420359241153700e-03 -4.2108800617461944e-02)	(6.3254247572394363e-06 -6.2775454391287652e-05 -1.4108622442849482e-05)
11.1                    	(4.4669591013948495e-03 -5.9613836204010003e-03 -8.4199086970128817e-03)	(4.4595973588459400e-03 -5.8996125180876833e-03 -8.4041923520162456e-03)	(7.3617425489091043e-06 -6.1771102313317014e-05 -1.5716344996635501e-05)
11.2                    	(-5.3910858707538062e-03 -5.0160868028188248e-03 -2.9768092244914042e-03)	(-5.3957617010558364e-03 -4.9517786578854167e-03 -2.9631846071039164e-03)	(4.6758303020300157e-06 -6.4308144933408084e-05 -1.3624617387487839e-05)
11.3                    	(1.3225063569675004e-02 -7.4543219831775455e-04 -2.5928889194133619e-02)	(1.3222683798824464e-02 -6.7933449682711338e-04 -2.5917088833440155e-02)	(2.3797708505406696e-06 -6.6097701490641129e-05 -1.1800360693464719e-05)
11.4                    	(5.5713067338217070e-02 -1.2275434285151921e-03 -7.1747048769640151e-02)	(5.5710502914200877e-02 -1.1610778347410828e-03 -7.1734764776996390e-02)	(2.5644240161933512e-06 -6.6465593774109221e-05 -1.2283992643759352e-05)
11.5                    	(8.1034978357861179e-02 -9.9621919210218226e-04 -9.9616295930379975e-02)	(8.1032797224484990e-02 -9.2909411134732664e-04 -9.9604820095368501e-02)	(2.1811333761835301e-06 -6.7125080754855580e-05 -1.1475835011473944e-05)
11.6                    	(1.1569638330450051e-01 -3.1971826135914214e-03 -1.2892503655836765e-01)	(1.1569149739839982e-01 -3.1342446167573991e-03 -1.2891126677512565e-01)	(4.8859061006915310e-06 -6.2937996834022360e-05 -1.3769783241997330e-05)
11.7                    	(1.0405194441565629e-01 -2.1395536049464204e-03 -1.0969727746493593e-01)	(1.0404501721930189e-01 -2.0775897143796521e-03 -1.0968185987398058e-01)	(6.9271963544109080e-06 -6.1963890566768187e-05 -1.5417590955352621e-05)
11.8                    	(6.3084402637667528e-02 -2.1879028114301516e-03 -6.5498372882606570e-02)	(6.3077629237793059e-02 -2.1252310938736437e-03 -6.5483638083635179e-02)	(6.7733998744669485e-06 -6.2671717556507888e-05 -1.4734798971393081e-05)
11.9                    	(2.1862205682351754e-02 -5.0821688887949098e-03 -2.3989589847757963e-02)	(2.1855759446405776e-02 -5.0194013844416111e-03 -2.3975229637650187e-02)	(6.4462359459765354e-06 -6.2767504353298577e-05 -1.4360210107776397e-05)
12                      	(-7.3730040619422507e-03 -6.2030185484895379e-03 5.8445501164863312e-04)	(-7.3792275358416726e-03 -6.1392714192810543e-03 5.9955430793023423e-04)	(6.2234738994222884e-06 -6.3747129208483442e-05 -1.5099296281601155e-05)
12.1                    	(4.7491248377216130e-03 -2.5607527839918067e-03 -1.5392087576564219e-02)	(4.7456048787358641e-03 -2.4947072869330603e-03 -1.5379095507249158e-02)	(3.5199589857486856e-06 -6.6045497058746344e-05 -1.2992069315060263e-05)
12.2                    	(4.4148140588383192e-02 -1.2744188655968520e-03 -5.9053041678112442e-02)	(4.4146580772229091e-02 -1.2077436110751504e-03 -5.9042004170411215e-02)	(1.5598161541000617e-06 -6.6675254521701561e-05 -1.1037507701228922e-05)
12.3                    	(6.0106495056197064e-02 1.0411049740810675e-03 -7.9306560611749816e-02)	(6.0104460960983756e-02 1.1084952259861232e-03 -7.9295042492109349e-02)	(2.0340952133061355e-06 -6.7390251905055751e-05 -1.1518119640472116e-05)
12.4                    	(1.0401676271216286e-01 -2.8142533222190449e-03 -1.2009507323555930e-01)	(1.0401336455676102e-01 -2.7494422833527331e-03 -1.2008254973816365e-01)	(3.3981554018344679e-06 -6.4811038866311780e-05 -1.2523497395650302e-05)
12.5                    	(1.1117194107871617e-01 -2.5090939045929348e-03 -1.1916145557513906e-01)	(1.1116563751979996e-01 -2.4476186908976173e-03 -1.1914658738586709e-01)	(6.3035589162050952e-06 -6.1475213695317481e-05 -1.4868189271967910e-05)
12.6                    	(8.8845678528387595e-02 -2.6247629661333418e-03 -8.8774146574890037e-02)	(8.8838947082675465e-02 -2.5628484115661609e-03 -8.8759646688498922e-02)	(6.7314457121355637e-06 -6.1914554567181135e-05 -1.4499886391109962e-05)
12.7                    	(2.5562817180829492e-02 -6.5582606103384818e-03 -2.0962852992357069e-02)	(2.5555122204811702e-02 -6.4983692808149151e-03 -2.0947830121241396e-02)	(7.6949760177912081e-06 -5.9891329523566948e-05 -1.5022871115673112e-05)
12.8                    	(-2.8830526700678209e-02 -1.1911489224270277e-02 2.4714311631607661e-02)	(-2.8837638587689191e-02 -1.1853353067023380e-02 2.4729425148291000e-02)	(7.1118870109839682e-06 -5.8136157246896148e-05 -1.5113516683337683e-05)
12.9                    	(-1.4028289540077126e-02 -7.0207533143554161e-03 6.4539405447613316e-03)	(-1.4032492375833183e-02 -6.9589226518351711e-03 6.4671718583014515e-03)	(4.2028357560568269e-06 -6.1830662520245299e-05 -1.3231313540120117e-05)
13                      	(-4.6073923714537359e-03 -3.7796012195395219e-04 -1.2205310155475119e-02)	(-4.6084428102784398e-03 -3.1260487373879422e-04 -1.2194424865225251e-02)	(1.0504388247035307e-06 -6.5355248215157955e-05 -1.0885290249867835e-05)
13.1                    	(7.0527025628422460e-02 -2.0455658836953617e-03 -8.9915667633873750e-02)	(7.0525838711739369e-02 -1.9799675406293104e-03 -8.9904724845437656e-02)	(1.1869166830975937e-06 -6.5598343066051415e-05 -1.0942788436099196e-05)
13.2                    	(1.1005766897289775e-01 -3.8354224201195487e-03 -1.3235736611970059e-01)	(1.1005558988750873e-01 -3.7726779510270907e-03 -1.3234622849508967e-01)	(2.0790853890207997e-06 -6.2744469092457933e-05 -1.1137624610914108e-05)
13.3                    	(1.7915925094420565e-01 -1.1410121361294571e-02 -1.8905780567276786e-01)	(1.7915320643806609e-01 -1.1352899397265361e-02 -1.8904353359381201e-01)	(6.0445061395548064e-06 -5.7221964029210192e-05 -1.4272078955854487e-05)
13.4                    	(1.3930282624789536e-01 -3.2312832617504665e-03 -1.4099719836405256e-01)	(1.3929427942963551e-01 -3.1749714629037999e-03 -1.4098087548790883e-01)	(8.5468182598447700e-06 -5.6311798846666771e-05 -1.6322876143729765e-05)
13.5                    	(4.2906771102280090e-02 -4.4890050696290221e-03 -3.9128881667762877e-02)	(4.2899391783814772e-02 -4.4316342378461935e-03 -3.9114683425538303e-02)	(7.3793184653168693e-06 -5.7370831782828176e-05 -1.4198242224571395e-05)
13.6                    	(-9.6309220455520553e-03 -9.9730863585636396e-03 7.6163957607854440e-03)	(-9.6397178196955171e-03 -9.9169281042680978e-03 7.6328128648825710e-03)	(8.7957741434622534e-06 -5.6158254295541676e-05 -1.6417104097126717e-05)
13.7                    	(-2.3882374462564099e-02 -9.0372369254000384e-03 1.7283166667833513e-02)	(-2.3887502169410088e-02 -8.9776995809664941e-03 1.7296545986678961e-02)	(5.1277068459884606e-06 -5.9537344433544439e-05 -1.3379318845446048e-05)
13.8                    	(-3.4066770036145687e-02 -3.2312031756293793e-03 1.8173166299489545e-02)	(-3.4069208685669913e-02 -3.1675255224391458e-03 1.8185245848162519e-02)	(2.4386495242268506e-06 -6.3677653190233707e-05 -1.2079548672973941e-05)
13.9                    	(5.1776808507839396e-02 -9.9379031768032696e-04 -7.0463385460572223e-02)	(5.1775287594590519e-02 -9.3041044715712817e-04 -7.0451917846436743e-02)	(1.5209132488775506e-06 -6.3379870523198900e-05 -1.1467614135476105e-05)
14                      	(8.0787961275366679e-02 -6.4406936821124832e-05 -1.0442444768007451e-01)	(8.0786112279302463e-02 -2.0546670649189587e-07 -1.0441319305810540e-01)	(1.8489960642105693e-06 -6.4201470114632936e-05 -1.1254621969117635e-05)
14.1                    	(1.5929664897240489e-01 -9.5903456162874309e-03 -1.7474252309343308e-01)	(1.5929185109214417e-01 -9.5322564630533901e-03 -1.7472914389434452e-01)	(4.7978802607173584e-06 -5.8089153234040459e-05 -1.3379199088567648e-05)
14.2                    	(1.5981914637081263e-01 -5.7074552329381403e-03 -1.6451682413787919e-01)	(1.5981106922448807e-01 -5.6513403610214535e-03 -1.6450081649167966e-01)	(8.0771463245459763e-06 -5.6114871916686595e-05 -1.6007646199510328e-05)
14.3                    	(1.2435781221105398e-01 -1.5770707340596413e-03 -1.1735664830340700e-01)	(1.2435039617175569e-01 -1.5204250408921453e-03 -1.1734250553624147e-01)	(7.4160392982872389e-06 -5.6645693167496001e-05 -1.4142767165533934e-05)
14.4                    	(1.7322372542539426e-02 -6.9106507993523377e-03 -1.5609031867304602e-02)	(1.7314612321369639e-02 -6.8547950579802520e-03 -1.5594338247011378e-02)	(7.7602211697858533e-06 -5.5855741372085717e-05 -1.4693620293223972e-05)
14.5                    	(-2.7002042837476536e-02 -1.0639774310138524e-02 2.1845266080344084e-02)	(-2.7008817339426117e-02 -1.0582766327097742e-02 2.1859983013437514e-02)	(6.7745019495796639e-06 -5.7007983040781561e-05 -1.4716933093431024e-05)
14.6                    	(-4.6641793106951988e-03 -5.1759214498943449e-03 -3.5880504269369014e-03)	(-4.6677748745873526e-03 -5.1142951898802197e-03 -3.5754054081243935e-03)	(3.5955638921538468e-06 -6.1626260014125379e-05 -1.2645018812507746e-05)
14.7                    	(3.0068906677222076e-02 -1.4991434222370431e-04 -4.4942555163498051e-02)	(3.0069209747262040e-02 -8.5660964826106043e-05 -4.4933573508690670e-02)	(-3.0307003996401938e-07 -6.4253377397598262e-05 -8.9816548073802110e-06)
14.8                    	(5.9679528598075751e-02 2.3024402421708058e-03 -8.3098427244893552e-02)	(5.9677667103261653e-02 2.3672676529673869e-03 -8.3086869239340361e-02)	(1.8614948140992161e-06 -6.4827410796580964e-05 -1.1558005553193657e-05)
14.9                    	(1.2347837706060333e-01 -5.3691451340579111e-03 -1.4402572574854561e-01)	(1.2347579805718920e-01 -5.3087187973586553e-03 -1.4401439716672129e-01)	(2.5790034141355698e-06 -6.0426336699256218e-05 -1.1328581824325185e-05)
15                      	(1.6533594946102603e-01 -8.5740587050183135e-03 -1.7362982536462915e-01)	(1.6532901832453445e-01 -8.5180249336758596e-03 -1.7361486178687344e-01)	(6.9311364915934431e-06 -5.6033771342454722e-05 -1.4963577755713345e-05)
15.1                    	(1.2089933488363351e-01 -2.5901066285568533e-03 -1.2002920839039627e-01)	(1.2089204279988230e-01 -2.5345221529637211e-03 -1.2001481271324875e-01)	(7.2920837512040884e-06 -5.5584475593132125e-05 -1.4395677147518391e-05)
15.2                    	(5.0739603603407249e-02 -4.1913549053501382e-03 -4.5696696469745772e-02)	(5.0732416838306128e-02 -4.1355842249880172e-03 -4.5682978976588760e-02)	(7.1867651011175240e-06 -5.5770680362120656e-05 -1.3717493157011851e-05)
15.3                    	(-2.2628965294036123e-02 -1.1435941859637215e-02 1.9299085359269760e-02)	(-2.2636952166302002e-02 -1.1380171166976375e-02 1.9314649510092874e-02)	(7.9868722658773434e-06 -5.5770692660840966e-05 -1.5564150823113786e-05)
15.4                    	(-1.9925649557007416e-02 -7.6958562806349867e-03 1.2338418974405295e-02)	(-1.9930303069707750e-02 -7.6361974353532213e-03 1.2351575553827749e-02)	(4.6535127003354669e-06 -5.9658845281765146e-05 -1.3156579422454206e-05)
15.5                    	(-2.0247112126936733e-02 -9.0703665614216681e-04 3.8723280052412093e-03)	(-2.0248795932533748e-02 -8.4324013649397821e-04 3.8836521819059569e-03)	(1.6838055970159849e-06 -6.3796519648188599e-05 -1.1324176664747363e-05)
15.6                    	(6.5200584606549414e-02 -1.8224235574752913e-03 -8.4201947146640851e-02)	(6.5200294040554024e-02 -1.7573929880161287e-03 -8.4192200567516973e-02)	(2.9056599539155783e-07 -6.5030569459162556e-05 -9.7465791238728681e-06)
15.7                    	(1.0227789280922188e-01 -3.2953104208653505e-03 -1.2516825581575633e-01)	(1.0227578421910397e-01 -3.2330815304405713e-03 -1.2515705845187849e-01)	(2.1085901179123592e-06 -6.2228890424779050e-05 -1.1197363877835654e-05)
15.8                    	(1.6797451423551044e-01 -1.0232725739352517e-02 -1.8017729586408540e-01)	(1.6796879766873191e-01 -1.0175872300691077e-02 -1.8016327435184201e-01)	(5.7165667785311269e-06 -5.6853438661440226e-05 -1.4021512243387642e-05)
15.9                    	(1.4388108787368328e-01 -3.6659120195737861e-03 -1.4679330398571183e-01)	(1.4387252857557725e-01 -3.6104165693364135e-03 -1.4677687553529697e-01)	(8.5592981060398081e-06 -5.5495450237372683e-05 -1.6428450414844717e-05)
16                      	(1.0183932081396477e-01 -1.9942624393994124e-03 -9.2964927338124809e-02)	(1.0183182555465652e-01 -1.9380450317758135e-03 -9.2950839121466775e-02)	(7.4952593082464970e-06 -5.6217407623598857e-05 -1.4088216658027657e-05)
16.1                    	(-4.7123553566108855e-03 -9.1904246664426727e-03 3.7562654209418248e-03)	(-4.7205385483485626e-03 -9.1367405085027546e-03 3.7716387767637314e-03)	(8.1831917376768012e-06 -5.3684157939917759e-05 -1.5373355821906549e-05)
16.2                    	(-2.8311416676217883e-02 -9.8720094218785123e-03 2.1697112125612799e-02)	(-2.8316644765640834e-02 -9.8140508219764326e-03 2.1710252782836902e-02)	(5.2280894229503311e-06 -5.7958599902079113e-05 -1.3140657224102297e-05)
16.3                    	(2.7900969806679066e-04 -3.7154690061750465e-03 -1.0141945110997950e-02)	(2.7614241620474433e-04 -3.6527959535838177e-03 -1.0129706834694363e-02)	(2.8672818620463362e-06 -6.2673052591228953e-05 -1.2238276303587103e-05)
16.4                    	(5.0872010776489715e-02 -1.7176311741724276e-03 -6.7893663425807244e-02)	(5.0870106776709147e-02 -1.6552428153631220e-03 -6.7881810762290870e-02)	(1.9039997805691155e-06 -6.2388358809305631e-05 -1.1852663516373436e-05)
16.5                    	(7.1813906619890039e-02 9.6128180206460009e-04 -9.5299825292431570e-02)	(7.1812302183784121e-02 1.0259558741413817e-03 -9.5288688884421296e-02)	(1.6044361059177751e-06 -6.4674072076781593e-05 -1.1136408010276957e-05)
16.6                    	(1.4163936809311423e-01 -7.0941599950369253e-03 -1.6031071219959489e-01)	(1.4163529943793113e-01 -7.0354456237144512e-03 -1.6029792908443913e-01)	(4.0686551830995266e-06 -5.8714371322473861e-05 -1.2783115155776024e-05)
16.7                    	(1.9711117002269282e-01 -1.0924444512201419e-02 -1.9847040435330005e-01)	(1.9710327783708906e-01 -1.0868679186948654e-02 -1.9845463223229626e-01)	(7.8921856037584604e-06 -5.5765325252765658e-05 -1.5772121003797599e-05)
16.8                    	(8.8388852691249881e-02 -2.0091183926851850e-03 -8.3014704330508643e-02)	(8.8381175971004602e-02 -1.9539971497281390e-03 -8.3000469664566146e-02)	(7.6767202452775991e-06 -5.5121242957045808e-05 -1.4234665942497264e-05)
16.9                    	(1.6627138916439136e-02 -8.4292785702405684e-03 -9.3560724292656959e-03)	(1.6619086085490033e-02 -8.3760529679228705e-03 -9.3419733344181528e-03)	(8.0528309491028761e-06 -5.3225602317697460e-05 -1.4099094847542743e-05)
17                      	(-4.9199124872254044e-02 -1.7116579969947407e-02 4.4574175597572319e-02)	(-4.9203699231491781e-02 -1.7066527040736326e-02 4.4585065632167221e-02)	(4.5743592377394462e-06 -5.0052929211082788e-05 -1.0890034594900477e-05)
17.1                    	(-1.4792758763184312e-02 -7.3217020106342116e-03 7.4598081326039843e-03)	(-1.4795999647922328e-02 -7.2669434894770480e-03 7.4714980399976589e-03)	(3.2408847380145597e-06 -5.4758521157164061e-05 -1.1689907393674705e-05)
17.2                    	(2.8509460311429737e-02 -1.3548604422104996e-03 -4.2179392036068714e-02)	(2.8508413549568162e-02 -1.2929167271383704e-03 -4.2168320943000090e-02)	(1.0467618615763038e-06 -6.1943715072129154e-05 -1.1071093068624316e-05)
17.3                    	(8.4199353861099169e-02 -3.8430545301449213e-03 -1.0756555456309895e-01)	(8.4199244680790666e-02 -3.7813797217944329e-03 -1.0755581107883017e-01)	(1.0918030850014626e-07 -6.1674808350488278e-05 -9.7434842687834175e-06)
17.4                    	(1.3644008991297399e-01 -7.9548705918208330e-03 -1.6162898343674031e-01)	(1.3643755499777319e-01 -7.8999651154256501e-03 -1.6161796831879993e-01)	(2.5349152008136151e-06 -5.4905476395182963e-05 -1.1015117940375994e-05)
17.5                    	(2.3154775019582297e-01 -2.1031118079673200e-02 -2.3887045662791057e-01)	(2.3154079984729153e-01 -2.0979657607660986e-02 -2.3885607131441447e-01)	(6.9503485314319768e-06 -5.1460472012212301e-05 -1.4385313496098750e-05)
17.6                    	(1.2481559481213358e-01 -1.9347834934217967e-03 -1.2316374565255765e-01)	(1.2480570219977515e-01 -1.8840522808269704e-03 -1.2314672160970652e-01)	(9.8926123584431305e-06 -5.0731212594826427e-05 -1.7024042851128524e-05)
17.7                    	(7.0420299572789585e-02 -7.2044655392078621e-04 -6.0326570946390316e-02)	(7.0407312496023500e-02 -6.7061115705870024e-04 -6.0306176894219736e-02)	(1.2987076766079460e-05 -4.9835396862085959e-05 -2.0394052170582489e-05)
17.8                    	(-4.0046275271312423e-02 -1.6566001555977466e-02 3.8814106007984260e-02)	(-4.0051093939345944e-02 -1.6518502366680936e-02 3.8824336542876765e-02)	(4.8186680335180213e-06 -4.7499189296530376e-05 -1.0230534892506190e-05)
17.9                    	(-3.0778989045233917e-02 -1.0984629658888429e-02 2.5094368669651312e-02)	(-3.0783734318620314e-02 -1.0933225945475685e-02 2.5106485785021150e-02)	(4.7452733863960649e-06 -5.1403713412743711e-05 -1.2117115369838868e-05)
18                      	(2.1005297769008061e-02 -3.3262530562580806e-03 -3.0762910973780509e-02)	(2.1002863693161018e-02 -3.2665772805752927e-03 -3.0751044589404794e-02)	(2.4340758470415748e-06 -5.9675775682787926e-05 -1.1866384375714745e-05)
18.1                    	(4.1116696829181384e-02 2.4781639315922454e-03 -6.3322615947531288e-02)	(4.1115335790920471e-02 2.5377173657299165e-03 -6.3310916986077284e-02)	(1.3610382609140668e-06 -5.9553434137670885e-05 -1.1698961454010581e-05)
18.2                    	(9.8194076078527273e-02 -1.5418083722943141e-03 -1.2546168247854231e-01)	(9.8191880099388285e-02 -1.4830675906405155e-03 -1.2545034799560015e-01)	(2.1959791389948166e-06 -5.8740781653798501e-05 -1.1334482942152057e-05)
18.3                    	(2.0247854886151107e-01 -1.8861864235481689e-02 -2.1824503201051879e-01)	(2.0247230308539060e-01 -1.8808236306270865e-02 -2.1823073709284990e-01)	(6.2457761204681612e-06 -5.3627929210821779e-05 -1.4294917668877430e-05)
18.4                    	(1.8117431501005818e-01 -7.0096063320050622e-03 -1.8387725807085725e-01)	(1.8116517160833662e-01 -6.9568637991065125e-03 -1.8386074995787255e-01)	(9.1434017215683305e-06 -5.2742532898549301e-05 -1.6508112984715966e-05)
18.5                    	(8.0250782084458558e-02 -1.6283013611906765e-03 -7.2254012039457222e-02)	(8.0241426624274428e-02 -1.5747909506437002e-03 -7.2238141202121603e-02)	(9.3554601841321567e-06 -5.3510410546976387e-05 -1.5870837335617102e-05)
18.6                    	(-1.8582119489010472e-02 -1.3145167641525018e-02 1.9989782879679081e-02)	(-1.8586463579945693e-02 -1.3099852416110702e-02 1.9998876977804607e-02)	(4.3440909352211479e-06 -4.5315225414316860e-05 -9.0940981255267450e-06)
18.7                    	(-4.8117295173462846e-02 -1.6503110324618590e-02 4.2878257913334050e-02)	(-4.8121611501646802e-02 -1.6451443088629565e-02 4.2889155532345694e-02)	(4.3163281839574080e-06 -5.1667235989023928e-05 -1.0897619011642769e-05)
18.8                    	(-1.0635370988577929e-03 -5.0012986936553054e-03 -7.4454883523062711e-03)	(-1.0669895336338419e-03 -4.9445260788009652e-03 -7.4330604781697313e-03)	(3.4524347760490061e-06 -5.6772614854340494e-05 -1.2427874136540162e-05)
18.9                    	(3.4302794449371732e-02 -2.5743290802996284e-04 -5.0468038458794391e-02)	(3.4302769379184944e-02 -1.9610035484209684e-04 -5.0458067914061419e-02)	(2.5070186789618048e-08 -6.1332553187865986e-05 -9.9705447329713288e-06)
19                      	(7.5084202885541934e-02 7.9448519177551013e-04 -1.0180633178673514e-01)	(7.5083193045980434e-02 8.5563402637129737e-04 -1.0179587136238848e-01)	(1.0098395615023768e-06 -6.1148834595787206e-05 -1.0460424346658188e-05)
19.1                    	(1.5794139326667253e-01 -1.1768688375567870e-02 -1.8063054869588149e-01)	(1.5793764174945757e-01 -1.1715368520043620e-02 -1.8061854061861379e-01)	(3.7515172149651589e-06 -5.3319855524249211e-05 -1.2008077267692293e-05)
19.2                    	(2.4087965251110535e-01 -1.9787002714642895e-02 -2.4176811984933910e-01)	(2.4087137425986582e-01 -1.9736047786854709e-02 -2.4175258938175390e-01)	(8.2782512395262123e-06 -5.0954927788187037e-05 -1.5530467585211759e-05)
19.3                    	(1.8898686235464068e-01 -1.4048814237150578e-03 -1.7646242326100500e-01)	(1.8897710376414514e-01 -1.3539466586787478e-03 -1.7644621336111310e-01)	(9.7585904955365488e-06 -5.0934765036309961e-05 -1.6209899891900018e-05)
19.4                    	(3.6999924112690659e-02 -5.6677104904385807e-03 -2.9222028239792818e-02)	(3.6991123336091149e-02 -5.6169983535930435e-03 -2.9207378552653904e-02)	(8.8007765995108651e-06 -5.0712136845536847e-05 -1.4649687138914734e-05)
19.5                    	(-4.5099787896268638e-02 -1.6799495221721122e-02 4.2165039477734312e-02)	(-4.5104603608573164e-02 -1.6751765122860508e-02 4.2175658546817082e-02)	(4.8157123045277575e-06 -4.7730098860613054e-05 -1.0619069082771262e-05)
19.6                    	(-1.8568644286690358e-02 -8.2319775732382170e-03 1.2495296771527683e-02)	(-1.8572730691911940e-02 -8.1794017395011333e-03 1.2507300017910511e-02)	(4.0864052215811753e-06 -5.2575833737082910e-05 -1.2003246382827746e-05)
19.7                    	(2.9762060917190483e-02 -2.4704811113073358e-03 -4.1325100567747276e-02)	(2.9760730051946457e-02 -2.4097338463537135e-03 -4.1314025629186506e-02)	(1.3308652440271450e-06 -6.0747264953622389e-05 -1.1074938560769200e-05)
19.8                    	(7.5372576860800816e-02 -3.3149040417487299e-03 -9.7691327171821954e-02)	(7.5372479970500533e-02 -3.2544964608215892e-03 -9.7681562235936062e-02)	(9.6890300284622068e-08 -6.0407580927140613e-05 -9.7649358858919265e-06)
19.9                    	(1.2325009943282049e-01 -6.2504220281531285e-03 -1.4899303142302853e-01)	(1.2324805694943834e-01 -6.1955831577953126e-03 -1.4898243282462353e-01)	(2.0424833821408264e-06 -5.4838870357816362e-05 -1.0598598404993549e-05)
20                      	(2.1698298158032764e-01 -1.9995649171429125e-02 -2.2802964222048272e-01)	(2.1697629903144131e-01 -1.9944811550632414e-02 -2.2801548796412094e-01)	(6.6825488863253009e-06 -5.0837620796708989e-05 -1.4154256361784618e-05)
