# MyForce               
# CofR                  : (4.9746127460000000e-01 -1.6718957440000001e-02 1.2500000000000000e-01)
#
# Time                  	(total_x total_y total_z)	(pressure_x pressure_y pressure_z)	(viscous_x viscous_y viscous_z)
0.1                     	(3.1094369397325395e-02 8.3386842735238287e-01 -1.5959014201796645e-18)	(3.0831602124952395e-02 8.3386363826662513e-01 -1.5924340781213105e-18)	(2.6276727237300042e-04 4.7890857576842810e-06 -3.4673420583538892e-21)
0.2                     	(-1.3832618651460713e-03 2.1222786367061408e-01 -1.7717527169090659e-19)	(-1.6183497961021599e-03 2.1222202323830239e-01 -1.7604799076576881e-19)	(2.3508793095608862e-04 5.8404323116977146e-06 -1.1272809251377788e-21)
0.3                     	(7.3355452186840073e-03 9.5499313631241312e-02 4.1076260593686212e-19)	(7.1138540616030648e-03 9.5492797462391615e-02 4.1340750958999463e-19)	(2.2169115708094207e-04 6.5161688496907473e-06 -2.6449036531325009e-21)
0.4                     	(4.0689769723221830e-03 5.8522190536518151e-02 -2.8529475240854772e-20)	(3.8583434587672366e-03 5.8516134287775509e-02 -2.6167946044547276e-20)	(2.1063351355494656e-04 6.0562487426452448e-06 -2.3615291963074952e-21)
0.5                     	(3.5833252621942685e-03 9.9173188356997163e-02 7.0074856804793629e-19)	(3.3817489407990701e-03 9.9167957613923191e-02 7.0159074991791511e-19)	(2.0157632139519824e-04 5.2307430739705494e-06 -8.4218186997880080e-22)
0.6                     	(3.1444303493241366e-03 1.1672527812571445e-01 -4.8998188420167504e-19)	(2.9491765306954355e-03 1.1671942934132486e-01 -4.9027825312554156e-19)	(1.9525381862870120e-04 5.8487843896015965e-06 2.9636892386649629e-22)
0.7                     	(3.3075762122821198e-03 1.2775782855563336e-01 3.3845239986532465e-19)	(3.1184703131384309e-03 1.2775102599403002e-01 3.4436926801879267e-19)	(1.8910589914368874e-04 6.8025616033381750e-06 -5.9168681534680183e-21)
0.8                     	(4.3784319379307629e-03 1.3319742003549040e-01 -2.9217548698289965e-19)	(4.1948381591499981e-03 1.3318874755878485e-01 -2.9357329267510558e-19)	(1.8359377878076521e-04 8.6724767055567641e-06 1.3978056922059518e-21)
0.9                     	(4.3491583347913245e-03 1.1393201377143983e-01 3.6862103516687904e-19)	(4.1686223003575247e-03 1.1392266677226268e-01 3.6987691473687440e-19)	(1.8053603443379969e-04 9.3469991771563050e-06 -1.2558795699953503e-21)
1                       	(4.6415556598012548e-03 9.8022185550519600e-02 1.6439670128326722e-19)	(4.4627246823952726e-03 9.8013301065013339e-02 1.6501157674287440e-19)	(1.7883097740598213e-04 8.8844855062575945e-06 -6.1487545960718612e-22)
1.1                     	(4.2235045096819914e-03 8.1851418656896338e-02 -1.9892693530323649e-19)	(4.0453640076134620e-03 8.1843647576460274e-02 -1.9551366260410354e-19)	(1.7814050206852911e-04 7.7710804360611412e-06 -3.4132726991329701e-21)
1.2                     	(3.3052452723138269e-03 7.6573783027620287e-02 -4.3915966595110351e-20)	(3.1284838836742818e-03 7.6566930720102164e-02 -4.1336274174101780e-20)	(1.7676138863954529e-04 6.8523075181252584e-06 -2.5796924210085708e-21)
1.3                     	(3.3235896326337363e-03 9.9494234320363015e-02 -5.6203314636194618e-22)	(3.1478802877745954e-03 9.9487389197617043e-02 -8.5309816769748948e-21)	(1.7570934485914089e-04 6.8451227459660789e-06 7.9689485306129486e-21)
1.4                     	(2.6701831564464986e-03 1.0828884267100826e-01 1.7615220082047379e-19)	(2.4957487066684459e-03 1.0828171486998264e-01 1.8756217402449080e-19)	(1.7443444977805286e-04 7.1278010256228432e-06 -1.1409973204017021e-20)
1.5                     	(3.6022633778980402e-03 1.2747957057233478e-01 3.3665396141968491e-19)	(3.4308380237731851e-03 1.2747155013450051e-01 3.2825275202691326e-19)	(1.7142535412485515e-04 8.0204378342671238e-06 8.4012093927716557e-21)
1.6                     	(4.3296273278944702e-03 1.3369304406633364e-01 1.0507538860630429e-19)	(4.1611415765747837e-03 1.3368358247370976e-01 1.1945039810148358e-19)	(1.6848575131968662e-04 9.4615926238937242e-06 -1.4375009495179285e-20)
1.7                     	(4.7218075050179890e-03 1.2498805134931437e-01 2.4249668490356201e-19)	(4.5549830929332066e-03 1.2497812188960802e-01 2.3326435462880670e-19)	(1.6682441208478235e-04 9.9294597063540290e-06 9.2323302747553007e-21)
1.8                     	(5.0408005272549834e-03 1.0445860958973875e-01 1.4176416501771356e-19)	(4.8735910413828087e-03 1.0444889909613612e-01 1.4512347466180733e-19)	(1.6720948587217472e-04 9.7104936026241912e-06 -3.3593096440937885e-21)
1.9                     	(5.1008508812059204e-03 9.1444040730641690e-02 9.6432005121175749e-20)	(4.9317706280789094e-03 9.1435440039185523e-02 1.0898160409417651e-19)	(1.6908025312701119e-04 8.6006914561612632e-06 -1.2549598973000755e-20)
2                       	(4.1636391997146045e-03 8.0103179785740802e-02 -2.2993044348529125e-19)	(3.9945060223705803e-03 8.0096265565161237e-02 -2.2835374045265780e-19)	(1.6913317734402417e-04 6.9142205795708045e-06 -1.5767030326334389e-21)
2.1                     	(3.9973131350212240e-03 9.7072147651999841e-02 8.0777758895475321e-21)	(3.8283390608082652e-03 9.7065503874649003e-02 1.1717943407203927e-20)	(1.6897407421295920e-04 6.6437773508360741e-06 -3.6401675176563948e-21)
2.2                     	(3.0087239729196086e-03 1.0387909106531860e-01 -1.6309078900633724e-20)	(2.8401583575511291e-03 1.0387217109348573e-01 -2.3189646680384638e-20)	(1.6856561536847967e-04 6.9199718328744744e-06 6.8805677797509126e-21)
2.3                     	(3.7793182336751953e-03 1.2413758522063810e-01 -1.4427208079636987e-19)	(3.6121738418953215e-03 1.2412986470335162e-01 -1.4298487483069838e-19)	(1.6714439177987383e-04 7.7205172864812793e-06 -1.2872059656714880e-21)
2.4                     	(4.4922507253525989e-03 1.3577445363081597e-01 -3.6814783462941144e-19)	(4.3264674135781054e-03 1.3576539068927868e-01 -3.5294433396435663e-19)	(1.6578331177449364e-04 9.0629415373063899e-06 -1.5203500665054831e-20)
2.5                     	(4.7076438396824643e-03 1.2874040653751792e-01 -2.2883816572402191e-20)	(4.5431892220411567e-03 1.2873060323374755e-01 -2.2358245681577943e-20)	(1.6445461764130729e-04 9.8033037703633904e-06 -5.2557089082424856e-22)
2.6                     	(5.4082631032982640e-03 1.1776146390280123e-01 2.7448796249168541e-19)	(5.2450394584090225e-03 1.1775163311119657e-01 2.6531374915791696e-19)	(1.6322364488924158e-04 9.8307916046631408e-06 9.1742133337684408e-21)
2.7                     	(5.3700046087491564e-03 9.6260468428958842e-02 4.4083953774402030e-20)	(5.2063329094525230e-03 9.6250834977905500e-02 5.6917578541646693e-20)	(1.6367169929663297e-04 9.6334510533394429e-06 -1.2833624767244661e-20)
2.8                     	(4.8392000223477782e-03 8.2847126611542310e-02 1.1861799116018867e-20)	(4.6745876994741453e-03 8.2838750822440854e-02 1.2675084693792954e-20)	(1.6461232287363320e-04 8.3757891014599936e-06 -8.1328557777408607e-22)
2.9                     	(4.4330693336371114e-03 9.3601158771954920e-02 3.6031319807127124e-19)	(4.2677175510606874e-03 9.3593976446130794e-02 3.5117900915944934e-19)	(1.6535178257642426e-04 7.1823258241276575e-06 9.1341889118218851e-21)
3                       	(3.8050852918418451e-03 1.0451363483701639e-01 9.5256541907327683e-20)	(3.6394076327445173e-03 1.0450655454931608e-01 1.0782719116916642e-19)	(1.6567765909732799e-04 7.0802877003128352e-06 -1.2570649261838737e-20)
3.1                     	(3.4844228165279868e-03 1.1570797647484569e-01 1.8037411045436302e-20)	(3.3190859273714191e-03 1.1570037098820009e-01 2.0511546153974611e-20)	(1.6533688915656752e-04 7.6054866456077699e-06 -2.4741351085383095e-21)
3.2                     	(4.4463578367797746e-03 1.3381549840033949e-01 -1.5900865148816972e-19)	(4.2813160360567898e-03 1.3380669726710223e-01 -1.5632028217305331e-19)	(1.6504180072298463e-04 8.8011332372546499e-06 -2.6883693151164174e-21)
3.3                     	(4.7397013548737630e-03 1.3359788934484365e-01 6.3389778673232987e-19)	(4.5754953122999382e-03 1.3358839292882504e-01 6.3532366106267076e-19)	(1.6420604257382464e-04 9.4964160185934149e-06 -1.4258743303409443e-21)
3.4                     	(4.8986575949376727e-03 1.1856900683402316e-01 3.3829817822314572e-19)	(4.7356121966420977e-03 1.1855932507376626e-01 3.4242590768736583e-19)	(1.6304539829557524e-04 9.6817602568967868e-06 -4.1277294642200939e-21)
3.5                     	(5.4731498863942541e-03 1.0238995113063006e-01 5.3185544355237788e-19)	(5.3099921782950006e-03 1.0238029972857926e-01 5.3400270206156539e-19)	(1.6315770809925313e-04 9.6514020507922198e-06 -2.1472585091875203e-21)
3.6                     	(5.1405832752983308e-03 8.7201578217957862e-02 -2.0950920846265497e-19)	(4.9768506842669865e-03 8.7192989285718558e-02 -2.0689987091454264e-19)	(1.6373259103134464e-04 8.5889322393032833e-06 -2.6093375481123237e-21)
3.7                     	(4.6383897108536109e-03 8.8872021155524353e-02 -3.0506720821246333e-19)	(4.4746637058841934e-03 8.8864497613260027e-02 -3.0121882398986698e-19)	(1.6372600496941789e-04 7.5235422643258020e-06 -3.8483842225963509e-21)
3.8                     	(4.0323297330529910e-03 9.9608340539690129e-02 -4.2617295852496651e-19)	(3.8682479485396557e-03 9.9601176597521782e-02 -4.2360781857275567e-19)	(1.6408178451333502e-04 7.1639421683545161e-06 -2.5651399522108489e-21)
3.9                     	(3.3132512128034759e-03 1.0909258398850806e-01 1.7080453296207053e-19)	(3.1497654351216060e-03 1.0908522847783192e-01 1.7394378573113944e-19)	(1.6348577768186985e-04 7.3555106761444711e-06 -3.1392527690689126e-21)
4                       	(4.3697147504500149e-03 1.3029912689517648e-01 7.0379834461838087e-19)	(4.2072537466987274e-03 1.3029078615021802e-01 6.9807154113616669e-19)	(1.6246100375128761e-04 8.3407449584567365e-06 5.7268034822142269e-21)
4.1                     	(4.3631004495279539e-03 1.3190091533198808e-01 1.1226996804327841e-19)	(4.2014912683375344e-03 1.3189145464374663e-01 1.2327509259618048e-19)	(1.6160918119041909e-04 9.4606882414613186e-06 -1.1005124552902066e-20)
4.2                     	(5.0614094723118808e-03 1.2478600109056190e-01 3.0482589175906864e-19)	(4.9018213924027811e-03 1.2477554794172745e-01 3.0873307031186313e-19)	(1.5958807990910015e-04 1.0453148834450958e-05 -3.9071785527944885e-21)
4.3                     	(8.6653553260508543e-03 9.7796742866939013e-02 5.5862999533125582e-19)	(8.5077810719695699e-03 9.7785215001831335e-02 5.6300041122773971e-19)	(1.5757425408128377e-04 1.1527865107681157e-05 -4.3704158964839197e-21)
4.4                     	(9.0690812084306283e-03 5.5249856206887563e-02 -4.0946523280261505e-19)	(8.9105770969642156e-03 5.5239265288471728e-02 -4.1721200908722056e-19)	(1.5850411146641204e-04 1.0590918415837134e-05 7.7467762846055017e-21)
4.5                     	(6.9646055141527018e-03 3.8596796251885925e-02 4.6691805030705446e-19)	(6.8056566928411848e-03 3.8589265402924011e-02 4.7957053990172068e-19)	(1.5894882131151664e-04 7.5308489619148837e-06 -1.2652489594666244e-20)
4.6                     	(4.2048308267433011e-03 7.1557775021255821e-02 2.0559850732198558e-19)	(4.0450567603983519e-03 7.1552492718007552e-02 1.9787748240687872e-19)	(1.5977406634494913e-04 5.2823032482637688e-06 7.7210249151068647e-21)
4.7                     	(3.4484847766002246e-03 1.1609977803610835e-01 -5.0096566664458685e-19)	(3.2867178712070394e-03 1.1609443830871082e-01 -4.9801098240649321e-19)	(1.6176690539318499e-04 5.3397273975403410e-06 -2.9546842380936022e-21)
4.8                     	(3.1419215882279188e-03 1.4890984899804113e-01 3.5465871330029932e-19)	(2.9806462417580250e-03 1.4890309697695425e-01 3.6828601546903647e-19)	(1.6127534646989382e-04 6.7520210868690231e-06 -1.3627302168737166e-20)
4.9                     	(5.8533411747368359e-03 1.8914638150013921e-01 -1.5091655181884419e-18)	(5.6926442349189733e-03 1.8913777887224556e-01 -1.5178036802513435e-18)	(1.6069693981786236e-04 8.6026278936547504e-06 8.6381620629016947e-21)
5                       	(4.4021335803108843e-03 1.7130860260857630e-01 4.1716631921145574e-19)	(4.2429584783259143e-03 1.7129728168032510e-01 4.3071878814259548e-19)	(1.5917510198496995e-04 1.1320928251200597e-05 -1.3552468931139728e-20)
5.1                     	(5.3519783065087562e-03 1.1635656197096919e-01 -3.2739904395544254e-19)	(5.1934978863444085e-03 1.1634528997071696e-01 -3.2568364273310938e-19)	(1.5848042016434791e-04 1.1272000252238519e-05 -1.7154012223331772e-21)
5.2                     	(7.9486314156994014e-03 7.6810804979601299e-02 -2.5596828092949108e-19)	(7.7885086988070023e-03 7.6799052615614011e-02 -2.5107515925369431e-19)	(1.6012271689239938e-04 1.1752363987287415e-05 -4.8931216757967952e-21)
5.3                     	(7.2598228261701531e-03 4.0508531818785908e-02 1.0691564628012273e-19)	(7.0980067245615648e-03 4.0500190039371470e-02 1.0827821827320299e-19)	(1.6181610160858852e-04 8.3417794144371863e-06 -1.3625719930802587e-21)
5.4                     	(4.5806143974498024e-03 5.7654593224813179e-02 -2.0342216110104260e-19)	(4.4186630458006313e-03 5.7648600217505980e-02 -2.0958839350467052e-19)	(1.6195135164917139e-04 5.9930073072021838e-06 6.1662324036279023e-21)
5.5                     	(2.7849995271621150e-03 9.7899061558327963e-02 -1.0983881808676374e-19)	(2.6219377047121632e-03 9.7894253589361629e-02 -9.5241136475951258e-20)	(1.6306182244995186e-04 4.8079689663289891e-06 -1.4597681610812487e-20)
5.6                     	(2.1297459310993666e-03 1.3094009754765695e-01 1.0638441674386950e-19)	(1.9669219103489767e-03 1.3093349128613807e-01 1.0875210757390677e-19)	(1.6282402075039009e-04 6.6062615188778752e-06 -2.3676908300372735e-21)
5.7                     	(5.1521967469500586e-03 1.8021946310076806e-01 9.0300016798681131e-19)	(4.9903109136583161e-03 1.8021237611337090e-01 8.9349620889472756e-19)	(1.6188583329174218e-04 7.0869873971520229e-06 9.5039590920837547e-21)
5.8                     	(5.6140248769308921e-03 1.9412995360126181e-01 -1.1375393652786719e-18)	(5.4533499832802555e-03 1.9411897711040582e-01 -1.1266349518216673e-18)	(1.6067489365063684e-04 1.0976490856002669e-05 -1.0904413457004693e-20)
5.9                     	(4.2914371891596415e-03 1.4119680258193032e-01 1.7829417099318799e-19)	(4.1325916331059163e-03 1.4118496048716719e-01 1.7004714413389776e-19)	(1.5884555605372549e-04 1.1842094763129358e-05 8.2470268592902286e-21)
6                       	(7.3465366516233767e-03 1.0399533869948797e-01 -4.6628814235935982e-19)	(7.1868037116374749e-03 1.0398369298851878e-01 -4.5389828055905700e-19)	(1.5973293998590131e-04 1.1645710969185905e-05 -1.2389861800302851e-20)
6.1                     	(7.5548187003831712e-03 5.1032057148395399e-02 -6.6167451021048776e-22)	(7.3924594126448225e-03 5.1021756031921543e-02 1.0562098381372897e-21)	(1.6235928773834833e-04 1.0301116473852693e-05 -1.7178843483477775e-21)
6.2                     	(5.5298360493535254e-03 5.0761603518371737e-02 2.0347516477987197e-20)	(5.3677979975665074e-03 5.0754273661239004e-02 1.8984592404680746e-20)	(1.6203805178701799e-04 7.3298571327355988e-06 1.3629240733064515e-21)
6.3                     	(3.1735425893040046e-03 8.3248356126972275e-02 -1.8794299810163553e-19)	(3.0108276006509502e-03 8.3242717144798112e-02 -1.8537309729203692e-19)	(1.6271498865305428e-04 5.6389821741696061e-06 -2.5699008095986205e-21)
6.4                     	(2.9268849922019450e-03 1.2882700358225710e-01 -9.3871752330304319e-20)	(2.7642867808268757e-03 1.2882073573170358e-01 -8.9430207410958331e-20)	(1.6259821137506921e-04 6.2678505535343315e-06 -4.4415449193459862e-21)
6.5                     	(3.2798557728385578e-03 1.6186537773440474e-01 7.1353811028167336e-19)	(3.1193133367160646e-03 1.6185815326313613e-01 7.1450206345570305e-19)	(1.6054243612249308e-04 7.2244712685971739e-06 -9.6395317402972833e-22)
6.6                     	(5.6104092032450183e-03 1.9551581493513992e-01 -1.7969961448737694e-19)	(5.4511154390988262e-03 1.9550547787264808e-01 -1.7722746451787914e-19)	(1.5929376414619252e-04 1.0337062491836139e-05 -2.4721499694977883e-21)
6.7                     	(3.9920823865319073e-03 1.6629060380341779e-01 2.0393327135865268e-19)	(3.8345556489579160e-03 1.6627857281788999e-01 1.9832578612564777e-19)	(1.5752673757399091e-04 1.2030985527794033e-05 5.6074852330049239e-21)
6.8                     	(5.6791752187968295e-03 1.0754146824275969e-01 6.6500549030447417e-19)	(5.5213180512957323e-03 1.0753004316483959e-01 6.7943327608836889e-19)	(1.5785716750109683e-04 1.1425077920099565e-05 -1.4427785783894768e-20)
6.9                     	(7.9046335323473705e-03 6.8750101270615274e-02 -3.8284249785204765e-19)	(7.7438591972266400e-03 6.8738479001991273e-02 -3.8180244687869539e-19)	(1.6077433512073089e-04 1.1622268623997102e-05 -1.0400509733522711e-21)
7                       	(6.5669878603778209e-03 4.2121948595320341e-02 -3.0299940110053985e-19)	(6.4039142545942347e-03 4.2113768678270810e-02 -3.1122456253178114e-19)	(1.6307360578358623e-04 8.1799170495289430e-06 8.2251614312412749e-21)
7.1                     	(4.2583947449495721e-03 7.7265443634919287e-02 2.2832516946181155e-19)	(4.0956637315719413e-03 7.7259472001913937e-02 2.4102878784490492e-19)	(1.6273101337763111e-04 5.9716330053524147e-06 -1.2703618383093369e-20)
7.2                     	(7.3827607000701327e-04 9.5324798527032004e-02 6.5068150722711896e-19)	(5.7532165965497686e-04 9.5318617650606716e-02 6.4156342032408813e-19)	(1.6295441035203643e-04 6.1808764252824498e-06 9.1180869030308475e-21)
7.3                     	(2.6267227654838041e-03 1.4617924413840741e-01 -8.2240465529605140e-19)	(2.4632410408840168e-03 1.4617308488081174e-01 -8.1959196015337382e-19)	(1.6348172459978731e-04 6.1592575956758316e-06 -2.8126951426776314e-21)
7.4                     	(5.0948566349003190e-03 1.9224335905363904e-01 2.8803566526092682e-19)	(4.9344338064193603e-03 1.9223386077018989e-01 2.9002649880885953e-19)	(1.6042282848095860e-04 9.4982834491414246e-06 -1.9908335479327067e-21)
7.5                     	(4.8493868178330173e-03 1.8994761444926023e-01 -4.9824007659870830e-19)	(4.6894910182186944e-03 1.8993584649525130e-01 -4.8650657233952278e-19)	(1.5989579961432317e-04 1.1767954008936161e-05 -1.1733504259185560e-20)
7.6                     	(4.5940999339914596e-03 1.3127221124702609e-01 1.1028667179437646e-19)	(4.4350850327606103e-03 1.3126033339717411e-01 1.1142198604090458e-19)	(1.5901490123084949e-04 1.1877849852000149e-05 -1.1353142465281152e-21)
7.7                     	(7.4326060918439270e-03 9.0382148835013387e-02 -1.6615719008289003e-19)	(7.2719565731666725e-03 9.0369988027743015e-02 -1.7299423805264514e-19)	(1.6064951867725424e-04 1.2160807270369643e-05 6.8370479697551138e-21)
7.8                     	(7.1019780081500858e-03 4.5687213510264869e-02 1.9284247719131976e-19)	(6.9384094452675533e-03 4.5677997525039191e-02 2.0605615438988983e-19)	(1.6356856288253239e-04 9.2159852256810497e-06 -1.3213677198570075e-20)
7.9                     	(4.6193502801153983e-03 5.5338927550303840e-02 -2.1879306759379272e-20)	(4.4561481335984431e-03 5.5332264711239081e-02 -1.9197162241792841e-20)	(1.6320214651695513e-04 6.6628390647571528e-06 -2.6821445175864320e-21)
8                       	(3.1023405140895893e-03 1.0087872466025470e-01 -3.8199445152913555e-20)	(2.9386887356644600e-03 1.0087328865248396e-01 -4.7995312675770243e-20)	(1.6365177842512957e-04 5.4360077707376989e-06 9.7958675228566850e-21)
8.1                     	(3.7008806635593521e-03 1.4706398111086355e-01 -3.5491073989887440e-20)	(3.5376326879148186e-03 1.4705736104697548e-01 -3.4967369325848510e-20)	(1.6324797564453363e-04 6.6200638880810905e-06 -5.2370466403893113e-22)
8.2                     	(4.0270528905007623e-03 1.7585763407449939e-01 -4.9786263089964459e-19)	(3.8661852400337527e-03 1.7584995615887147e-01 -4.8759820342780245e-19)	(1.6086765046700952e-04 7.6779156279289299e-06 -1.0264427471842121e-20)
8.3                     	(5.5630837256088793e-03 1.9857230369639461e-01 7.0657632761853443e-19)	(5.4034556122144689e-03 1.9856112366319989e-01 7.0966757248534656e-19)	(1.5962811339441016e-04 1.1180033194721946e-05 -3.0912448668121253e-21)
8.4                     	(5.0914300968935714e-03 1.5591597524759507e-01 1.3518596203557327e-20)	(4.9337359371646574e-03 1.5590301920537897e-01 1.4949533138649189e-20)	(1.5769415972891415e-04 1.2956042216110750e-05 -1.4309369350918622e-21)
8.5                     	(1.2625151519809915e-02 8.3566634956503530e-02 -1.2041396062196877e-19)	(1.2470273894477807e-02 8.3552968222042071e-02 -1.1811345430138967e-19)	(1.5487762533210840e-04 1.3666734461464433e-05 -2.3005063205791006e-21)
8.6                     	(1.6873911931805319e-02 -5.9050427820518869e-03 3.5967320072350459e-20)	(1.6722907101281818e-02 -5.9216480353735997e-03 3.9674774821517279e-20)	(1.5100483052349903e-04 1.6605253321712742e-05 -3.7074547491668169e-21)
8.7                     	(1.2892935013705614e-02 -1.2949015662307897e-02 -2.3320820373310035e-19)	(1.2736262529437771e-02 -1.2959143289839723e-02 -2.3362676497756857e-19)	(1.5667248426784358e-04 1.0127627531826006e-05 4.1856124446821349e-22)
8.8                     	(1.9641145049437135e-03 4.3841208569896706e-02 3.7150740312499277e-19)	(1.8023985677548993e-03 4.3838510803187389e-02 3.6442241092570753e-19)	(1.6171593718881404e-04 2.6977667093181304e-06 7.0849921992852303e-21)
8.9                     	(4.0325969933806176e-03 1.4907657113110362e-01 -1.9297866330608156e-19)	(3.8704726178700210e-03 1.4906896120442473e-01 -1.8048332047185712e-19)	(1.6212437551059702e-04 7.6099266789053437e-06 -1.2495342834224446e-20)
9                       	(4.0294208450122248e-03 2.0917922325171978e-01 7.0298793887385765e-19)	(3.8653555246345194e-03 2.0917248472132877e-01 6.9531301971830043e-19)	(1.6406532037770548e-04 6.7385303910065363e-06 7.6749191555572332e-21)
9.1                     	(7.5612200743672602e-03 2.7904148408754753e-01 2.3845387954797466e-19)	(7.4060556439131797e-03 2.7902867670319115e-01 2.5007591264147411e-19)	(1.5516443045408040e-04 1.2807384356400185e-05 -1.1622033093499438e-20)
9.2                     	(5.3406470297407381e-03 2.3798571311657449e-01 8.2382120641651835e-19)	(5.1859110216864422e-03 2.3797111308051527e-01 8.1198927511929167e-19)	(1.5473600805429610e-04 1.4600036059218407e-05 1.1831931297226650e-20)
9.3                     	(7.0717002821416904e-03 1.2625716998687286e-01 -4.6151423352008573e-19)	(6.9173819534380935e-03 1.2624141427901486e-01 -4.4901374531281221e-19)	(1.5431832870359670e-04 1.5755707858006955e-05 -1.2500488207273485e-20)
9.4                     	(1.3554982591830378e-02 3.4934434960310047e-02 -2.5625136765756324e-19)	(1.3400685621864673e-02 3.4919140584969213e-02 -2.5455585345388442e-19)	(1.5429696996570476e-04 1.5294375340834222e-05 -1.6955142036788335e-21)
9.5                     	(1.4948331036968897e-02 -1.8269266584098266e-02 -9.3972143520199498e-20)	(1.4791270128521460e-02 -1.8283205793292880e-02 -9.0955865861004290e-20)	(1.5706090844743803e-04 1.3939209194612687e-05 -3.0162776591952040e-21)
9.6                     	(5.9339387005459326e-03 2.3072769905314570e-02 -3.2984907669313244e-19)	(5.7719565704826906e-03 2.3065046964429320e-02 -3.3791021505163029e-19)	(1.6198213006324186e-04 7.7229408852485357e-06 8.0611383584978637e-21)
9.7                     	(-8.6942896284132717e-04 8.4763450962007353e-02 8.1337691129889969e-19)	(-1.0318686000228029e-03 8.4758069841923758e-02 8.2573596465591868e-19)	(1.6243963718147580e-04 5.3811200836006727e-06 -1.2359053357018960e-20)
9.8                     	(-5.6134912262775891e-04 1.6741084416538207e-01 5.4081803838062211e-19)	(-7.2569526110582028e-04 1.6740560786429193e-01 5.4307912228891137e-19)	(1.6434613847806140e-04 5.2363010901486675e-06 -2.2610839082893096e-21)
9.9                     	(8.5395126392574083e-03 2.7375893578702987e-01 1.1311907385103745e-18)	(8.3826461812528362e-03 2.7374864909066970e-01 1.1230484294483880e-18)	(1.5686645800457277e-04 1.0286696360172731e-05 8.1423090619864310e-21)
10                      	(5.9273444568544130e-03 2.6987531419959437e-01 2.3063274116706339e-19)	(5.7774149583558788e-03 2.6985904695224527e-01 2.4288162176022500e-19)	(1.4992949849853445e-04 1.6267247349122716e-05 -1.2248880593161601e-20)
10.1                    	(4.8605453157753113e-03 1.7295613866652731e-01 6.6944103315366709e-20)	(4.7081532114800874e-03 1.7294035767643703e-01 7.0202313205037065e-20)	(1.5239210429522372e-04 1.5780990090269930e-05 -3.2582098896703574e-21)
10.2                    	(1.1600166939847879e-02 8.3252824233346817e-02 2.4924152143880214e-19)	(1.1447634418700685e-02 8.3237272178848437e-02 2.5032715817470391e-19)	(1.5253252114719398e-04 1.5552054498380133e-05 -1.0856367359017764e-21)
10.3                    	(1.5276934098109459e-02 -8.9539574716642565e-03 -2.7282582046817400e-19)	(1.5123169900899703e-02 -8.9704058042796124e-03 -2.6952376248724876e-19)	(1.5376419720975539e-04 1.6448332615355512e-05 -3.3020579809252406e-21)
10.4                    	(9.0912364227431954e-03 -6.2084175562228156e-04 -3.6629715624964070e-20)	(8.9304289966401790e-03 -6.3024683804984837e-04 -3.4493930728803248e-20)	(1.6080742610301570e-04 9.4050824275668360e-06 -2.1357848961608193e-21)
10.5                    	(-8.3155223628956186e-05 5.4236824790157880e-02 -5.9994465715238144e-20)	(-2.4990648747326210e-04 5.4235406458536750e-02 -5.9070685221113756e-20)	(1.6675126384430592e-04 1.4183316211300230e-06 -9.2378049412438554e-22)
10.6                    	(3.3309117036633929e-03 1.5757021618398212e-01 -2.2910522757071483e-20)	(3.1626537720646267e-03 1.5756707267398412e-01 -1.9589841149582787e-20)	(1.6825793159876617e-04 3.1435099979990620e-06 -3.3206816074886944e-21)
10.7                    	(6.1614181175410534e-03 2.4059156486856989e-01 -5.6762225184440773e-19)	(5.9971809444957520e-03 2.4058482504110887e-01 -5.6818942804612417e-19)	(1.6423717304530112e-04 6.7398274610175563e-06 5.6717620171642198e-22)
10.8                    	(6.6344354762413382e-03 2.7923409791654391e-01 -5.0550991583507181e-19)	(6.4796142524397252e-03 2.7922036026911712e-01 -5.1192934378811812e-19)	(1.5482122380161258e-04 1.3737647426768593e-05 6.4194279530463012e-21)
10.9                    	(6.3517566999842356e-03 2.4509342677794865e-01 -2.6101779143805326e-19)	(6.1964647414493373e-03 2.4507901189796652e-01 -2.5142152743554519e-19)	(1.5529195853489818e-04 1.4414879982144363e-05 -9.5962640025080814e-21)
11                      	(8.8757590336231967e-03 9.9704337556432515e-02 8.8646655526829521e-21)	(8.7211934411693445e-03 9.9688763108830264e-02 1.2629659513919578e-20)	(1.5456559245385297e-04 1.5574447602256986e-05 -3.7649939612366255e-21)
11.1                    	(1.4678106276835745e-02 1.0998537353001605e-02 -6.5166389564998288e-21)	(1.4526013597966812e-02 1.0980411285901041e-02 -5.5028096586002068e-21)	(1.5209267886893225e-04 1.8126067100563972e-05 -1.0138292978996218e-21)
11.2                    	(1.2350598430479030e-02 -1.3273920350918322e-02 -6.1120364206794636e-20)	(1.2192259050579296e-02 -1.3285433170504495e-02 -5.7967575559772307e-20)	(1.5833937989973311e-04 1.1512819586173342e-05 -3.1527886470223268e-21)
11.3                    	(1.8354015989910908e-03 3.2562723849759723e-02 -1.2637374649017113e-19)	(1.6726559766805215e-03 3.2556864382950843e-02 -1.2324814393153171e-19)	(1.6274562231056929e-04 5.8594668088818818e-06 -3.1256025586394251e-21)
11.4                    	(3.0224548612366097e-03 1.3717659782878547e-01 1.4207868108674203e-19)	(2.8588034153154457e-03 1.3717028370933848e-01 1.4565188176492549e-19)	(1.6365144592116415e-04 6.3141194469924014e-06 -3.5732006781834640e-21)
11.5                    	(2.4528888103523298e-03 1.9952415415899075e-01 8.4811634089693865e-19)	(2.2876135769670514e-03 1.9951878377695562e-01 8.5228894438205411e-19)	(1.6527523338527860e-04 5.3703820351393357e-06 -4.1726034851154473e-21)
11.6                    	(7.8720963415519381e-03 2.8486739289473073e-01 -7.7847445323096401e-19)	(7.7171305374356802e-03 2.8485536282695262e-01 -7.8763962698108238e-19)	(1.5496580411625827e-04 1.2030067778085116e-05 9.1651737501183637e-21)
11.7                    	(5.2680044093988626e-03 2.5619647982688865e-01 4.8790468034443012e-20)	(5.1154370476956638e-03 2.5617942369851893e-01 5.9883831806850061e-20)	(1.5256736170319874e-04 1.7056128369694307e-05 -1.1093363772407051e-20)
11.8                    	(5.3870497244395237e-03 1.5532628417966091e-01 -7.9988216186255821e-20)	(5.2327395526032116e-03 1.5530960672866234e-01 -7.6730729164698233e-20)	(1.5431017183631227e-04 1.6677450998572736e-05 -3.2574870215575927e-21)
11.9                    	(1.2513305604302340e-02 5.3829077087646990e-02 2.1137697285470511e-19)	(1.2358759586415389e-02 5.3813205178988605e-02 2.1173901844760373e-19)	(1.5454601788695055e-04 1.5871908658385881e-05 -3.6204559289861343e-22)
12                      	(1.5273059291189911e-02 -1.8153795174391144e-02 1.0205744689802629e-19)	(1.5116101243034245e-02 -1.8169118598804601e-02 1.0601338015880790e-19)	(1.5695804815566629e-04 1.5323424413456730e-05 -3.9559332607816082e-21)
12.1                    	(6.3050801467472821e-03 1.1693285238595181e-02 1.8073196180565969e-19)	(6.1424630620796937e-03 1.1684618402945466e-02 1.8219948151194420e-19)	(1.6261708466758804e-04 8.6668356497156283e-06 -1.4675197062844956e-21)
12.2                    	(3.1378714643391405e-03 1.0870145938324723e-01 -1.5168474011388161e-19)	(2.9737037921639389e-03 1.0869761880717628e-01 -1.4974686855093937e-19)	(1.6416767217520179e-04 3.8405760709400312e-06 -1.9378715629422501e-21)
12.3                    	(-2.5634064888238714e-03 1.4799408636339653e-01 3.9776106332562981e-20)	(-2.7293346260603415e-03 1.4798907801841837e-01 4.2835416615832159e-20)	(1.6592813723646996e-04 5.0083449781582735e-06 -3.0593102832691756e-21)
12.4                    	(6.9292486415579186e-03 2.5610985551015969e-01 1.1966288260849769e-18)	(6.7696710372688214e-03 2.5610148857903942e-01 1.1990560700804164e-18)	(1.5957760428909727e-04 8.3669311202580644e-06 -2.4272439954395094e-21)
12.5                    	(6.1778857619799610e-03 2.7372732071313227e-01 2.0475836592393432e-19)	(6.0265216194471637e-03 2.7371180010355806e-01 1.9750343999653832e-19)	(1.5136414253279706e-04 1.5520609574213271e-05 7.2549259273960112e-21)
12.6                    	(6.4626858832843026e-03 2.1875564377612330e-01 -2.8207581602303093e-19)	(6.3102399965760591e-03 2.1873906962457543e-01 -2.7202412184154552e-19)	(1.5244588670824377e-04 1.6574151547863303e-05 -1.0051694181485427e-20)
12.7                    	(1.6147735552582788e-02 6.2940714976215353e-02 -1.4619521032391469e-19)	(1.6000271246343633e-02 6.2921768422364951e-02 -1.4395692429438832e-19)	(1.4746430623915682e-04 1.8946553850403634e-05 -2.2382860295263528e-21)
12.8                    	(2.9328443844964677e-02 -7.0986462518786847e-02 3.6414467473323520e-19)	(2.9185301120232699e-02 -7.1003973392104722e-02 3.6697264051460304e-19)	(1.4314272473197698e-04 1.7510873317870555e-05 -2.8279657813678215e-21)
12.9                    	(1.7286484120715557e-02 -3.4540425153451987e-02 -1.9585141331922073e-19)	(1.7134244792829746e-02 -3.4550773366856739e-02 -1.9438584478823990e-19)	(1.5223932788581009e-04 1.0348213404749452e-05 -1.4655685309808174e-21)
13                      	(9.3061262144923868e-04 -1.1344311856704708e-02 -1.3987975390601936e-19)	(7.6969506604009010e-04 -1.1346898244981005e-02 -1.3605212553005551e-19)	(1.6091755540914858e-04 2.5863882762967882e-06 -3.8276283759638434e-21)
13.1                    	(5.0365880387899424e-03 1.7365149493490728e-01 1.0142897658895488e-18)	(4.8750719357475644e-03 1.7364857251113361e-01 1.0167434987206345e-18)	(1.6151610304237829e-04 2.9224237736748798e-06 -2.4537328310857541e-21)
13.2                    	(9.4435690577628750e-03 2.7098376226563603e-01 -1.2258114595304206e-18)	(9.2890797572469687e-03 2.7097864314594139e-01 -1.2347865011698197e-18)	(1.5448930051590657e-04 5.1191196946676173e-06 8.9750416393989741e-21)
13.3                    	(2.8093976941784168e-02 4.4112553281052636e-01 -3.3143186704143079e-19)	(2.7953085141679962e-02 4.4111065004015676e-01 -3.2967317477308978e-19)	(1.4089180010420501e-04 1.4882770369574645e-05 -1.7586922683410054e-21)
13.4                    	(7.9560588860985680e-03 3.4299112731695891e-01 5.8964091942888548e-19)	(7.8174080928024355e-03 3.4297008335892248e-01 6.0227734911190288e-19)	(1.3865079329613295e-04 2.1043958036433718e-05 -1.2636429683017425e-20)
13.5                    	(1.1052818889859841e-02 1.0564496203194662e-01 -1.4228421399906835e-19)	(1.0911560547884162e-02 1.0562679268946146e-01 -1.3807000505045726e-19)	(1.4125834197567942e-04 1.8169342485168167e-05 -4.2142089486111045e-21)
13.6                    	(2.4555712364843774e-02 -2.3713236109274984e-02 2.7600265908720538e-19)	(2.4417439628620152e-02 -2.3734893045967157e-02 2.7843906464491934e-19)	(1.3827273622362210e-04 2.1656936692173238e-05 -2.4364055577139805e-21)
13.7                    	(2.2251465848635202e-02 -5.8803132431380752e-02 -7.8740575721895734e-20)	(2.2104873123744036e-02 -5.8815757860447973e-02 -7.7204014057221044e-20)	(1.4659272489116494e-04 1.2625429067222831e-05 -1.5365616646746842e-21)
13.8                    	(7.9558616982187951e-03 -8.3879129903308355e-02 6.7463046001742327e-19)	(7.7990747137698952e-03 -8.3885134341064399e-02 6.7764190242056840e-19)	(1.5678698444890007e-04 6.0044377560370558e-06 -3.0114424031450862e-21)
13.9                    	(2.4469084408329043e-03 1.2748474957267036e-01 1.6644354633224269e-19)	(2.2908546562437110e-03 1.2748100478325125e-01 1.6872108618797093e-19)	(1.5605378458919330e-04 3.7447894190997440e-06 -2.2775398557282356e-21)
14                      	(1.5858262507896365e-04 1.9891594921531952e-01 5.5798042290230455e-19)	(5.0589969481738134e-07 1.9891139662107898e-01 5.5882933100254418e-19)	(1.5807672538414627e-04 4.5525942405478343e-06 -8.4890810023966886e-22)
14.1                    	(2.3613328910039817e-02 3.9221987579512235e-01 8.6499542381649244e-19)	(2.3470301918489946e-02 3.9220806246438328e-01 8.6953900640360180e-19)	(1.4302699154987268e-04 1.1813330739081777e-05 -4.5435825871093882e-21)
14.2                    	(1.4052884332532380e-02 3.9350636779623321e-01 -4.8718959160823621e-19)	(1.3914718412311204e-02 3.9348648026345318e-01 -4.8493567830060421e-19)	(1.3816592022117635e-04 1.9887532780060247e-05 -2.2539133076320069e-21)
14.3                    	(3.8830602616138380e-03 3.0619354502568469e-01 9.8420969233721463e-20)	(3.7435873544195840e-03 3.0617528526924143e-01 9.9929175395267564e-20)	(1.3947290719425407e-04 1.8259756443274890e-05 -1.5082061615461062e-21)
14.4                    	(1.7015389938648224e-02 4.2651109429732034e-02 4.3911434413785525e-19)	(1.6877862049111771e-02 4.2632002229404907e-02 4.3959643028509806e-19)	(1.3752788953645245e-04 1.9107200327129002e-05 -4.8208614724284325e-22)
14.5                    	(2.6197230044265277e-02 -6.6484373376644354e-02 -2.2258339380493444e-19)	(2.6056865107703057e-02 -6.6501053541169960e-02 -2.3022321375045729e-19)	(1.4036493656221968e-04 1.6680164525609329e-05 7.6398199455228492e-21)
14.6                    	(1.2744142964077958e-02 -1.1484132539686737e-02 2.3081043145883734e-19)	(1.2592406915615034e-02 -1.1492985529578812e-02 2.4405631660284608e-19)	(1.5173604846292372e-04 8.8529898920742983e-06 -1.3245885144008733e-20)
14.7                    	(3.6911877974956330e-04 7.4035599105905833e-02 -2.1027403866334194e-19)	(2.1091424836190806e-04 7.4036345324324099e-02 -2.0800015426612166e-19)	(1.5820453138765521e-04 -7.4621841827006761e-07 -2.2738843972202745e-21)
14.8                    	(-5.6690635467564875e-03 1.4694281044357463e-01 2.3594160817446739e-19)	(-5.8286814619780379e-03 1.4693822707493825e-01 2.4044431170043961e-19)	(1.5961791522155021e-04 4.5833686363718773e-06 -4.5027035259722028e-21)
14.9                    	(1.3219897914933436e-02 3.0402820163833344e-01 1.8797736002542957e-19)	(1.3071116315145721e-02 3.0402185162152334e-01 1.8768548189553834e-19)	(1.4878159978771535e-04 6.3500168101005064e-06 2.9187812989121764e-22)
15                      	(2.1111029403543403e-02 4.0708982882186034e-01 1.2128440199720392e-18)	(2.0973063168986408e-02 4.0707276299209311e-01 1.2149792236232167e-18)	(1.3796623455699354e-04 1.7065829767220991e-05 -2.1352036511775346e-21)
15.1                    	(6.3773551214167468e-03 2.9767808938646356e-01 3.7850617055296291e-19)	(6.2404951419136505e-03 2.9766013483310894e-01 3.8052909079117916e-19)	(1.3685997950309650e-04 1.7954553354605448e-05 -2.0229202382162654e-21)
15.2                    	(1.0319945278161428e-02 1.2493094582717568e-01 1.8957276452127080e-19)	(1.0182626825665734e-02 1.2491325058918096e-01 1.9347556648961086e-19)	(1.3731845249569409e-04 1.7695237994726041e-05 -3.9028019683400573e-21)
15.3                    	(2.8157552118777841e-02 -5.5716990999204880e-02 -3.7687429255094472e-21)	(2.8020233636000261e-02 -5.5736656259386570e-02 -4.1047301394332521e-21)	(1.3731848277757751e-04 1.9665260181691481e-05 3.3598721392380478e-22)
15.4                    	(1.8948721231735764e-02 -4.9060892647782101e-02 2.7125509056915102e-19)	(1.8801829347710332e-02 -4.9072350517016076e-02 2.7276246132511726e-19)	(1.4689188402543140e-04 1.1457869233977313e-05 -1.5073707559662240e-21)
15.5                    	(2.2333037569128786e-03 -4.9852397114849081e-02 -1.8024443312370136e-19)	(2.0762240997199127e-03 -4.9856542977466937e-02 -1.7923799288199061e-19)	(1.5707965719296614e-04 4.1458626178580010e-06 -1.0064402417107489e-21)
15.6                    	(4.4871674700632776e-03 1.6053674299564336e-01 1.1711825506250342e-18)	(4.3270493380077983e-03 1.6053602756465746e-01 1.1735378450453103e-18)	(1.6011813205547916e-04 7.1543098588662308e-07 -2.3552944202760934e-21)
15.7                    	(8.1137064233038556e-03 2.5182841367346703e-01 -3.6768057687922334e-19)	(7.9604865795047351e-03 2.5182322190729062e-01 -3.7362105955814678e-19)	(1.5321984379911992e-04 5.1917661764101157e-06 5.9404826789234475e-21)
15.8                    	(2.5194995904965049e-02 4.1358649748878834e-01 -2.1944504476614999e-18)	(2.5055011487250280e-02 4.1357242217002732e-01 -2.1819021749719493e-18)	(1.3998441771476675e-04 1.4075318761026860e-05 -1.2548272689550423e-20)
15.9                    	(9.0262009042146058e-03 3.5426371351263691e-01 5.5686690248904364e-19)	(8.8895601227561884e-03 3.5424263882674928e-01 5.5932533099254142e-19)	(1.3664078145841804e-04 2.1074685887622904e-05 -2.4584285034978100e-21)
16                      	(4.9102688055893459e-03 2.5074856262439216e-01 3.6353355279768005e-19)	(4.7718504221651512e-03 2.5073010781260613e-01 3.6467960690388814e-19)	(1.3841838342419489e-04 1.8454811786040390e-05 -1.1460541062080766e-21)
16.1                    	(2.2628644384107617e-02 -1.1602751499139072e-02 9.4617595330339117e-20)	(2.2496463362754130e-02 -1.1622900136713459e-02 8.5789562113914168e-20)	(1.3218102135348638e-04 2.0148637574386574e-05 8.8280332164249434e-21)
16.2                    	(2.4306840942826216e-02 -6.9708310902721810e-02 -4.5390212070003531e-19)	(2.4164135399417135e-02 -6.9721183493559991e-02 -4.4102702065614274e-19)	(1.4270554340908099e-04 1.2872590838182626e-05 -1.2875100043892577e-20)
16.3                    	(9.1482200129335382e-03 6.8697709479342644e-04 2.9448785185817250e-19)	(8.9939065539775299e-03 6.7991727939206020e-04 2.8559336278288199e-19)	(1.5431345895600910e-04 7.0598154013662740e-06 8.8944890752905203e-21)
16.4                    	(4.2291478831575652e-03 1.2525695849169688e-01 1.3768002793872852e-19)	(4.0755353966357277e-03 1.2525227046742099e-01 1.4681781243590686e-19)	(1.5361248652183727e-04 4.6880242758786789e-06 -9.1377844971783444e-21)
16.5                    	(-2.3668660417031271e-03 1.7682005061949016e-01 9.1829599279829099e-19)	(-2.5261064066496260e-03 1.7681610018026722e-01 9.2004900194889769e-19)	(1.5924036494649880e-04 3.9504392229449369e-06 -1.7530091506067906e-21)
16.6                    	(1.7467225896296904e-02 3.4874415575938772e-01 6.5894527632480742e-19)	(1.7322659494077866e-02 3.4873413792510893e-01 6.5005046171857978e-19)	(1.4456640221903675e-04 1.0017834278767041e-05 8.8948146062275982e-21)
16.7                    	(2.6898144420154153e-02 4.8532671040383585e-01 -1.9584423738552575e-20)	(2.6760839152997509e-02 4.8530727828095549e-01 -6.8397581017172523e-21)	(1.3730526715664501e-04 1.9432122880340238e-05 -1.2744665636835322e-20)
16.8                    	(4.9468471026856819e-03 2.1763084815576347e-01 3.9851148374655509e-19)	(4.8111276936099109e-03 2.1761194655123794e-01 4.0419920579911720e-19)	(1.3571940907577075e-04 1.8901604525518139e-05 -5.6877220525621150e-21)
16.9                    	(2.0754552058624705e-02 4.0939306650221677e-02 2.9730272659031392e-19)	(2.0623500091964789e-02 4.0919478986708155e-02 2.8737264536444652e-19)	(1.3105196665991555e-04 1.9827663513520577e-05 9.9300812258674281e-21)
17                      	(4.2144407388086558e-02 -1.2113798231855466e-01 -5.2708604451982430e-19)	(4.2021167170511402e-02 -1.2114924529629865e-01 -5.1499263860645267e-19)	(1.2324021757515924e-04 1.1262977743990335e-05 -1.2093405913371606e-20)
17.1                    	(1.8027479371002464e-02 -3.6422699675047451e-02 4.6448825024930640e-22)	(1.7892653054783419e-02 -3.6430679374668318e-02 6.6300067941155140e-21)	(1.3482631621904376e-04 7.9796996208663478e-06 -6.1655185438662076e-21)
17.2                    	(3.3359345459651373e-03 7.0195933526963322e-02 3.1552130689479792e-19)	(3.1834168603226244e-03 7.0193356192097947e-02 3.0816653334913069e-19)	(1.5251768564251275e-04 2.5773348653784349e-06 7.3547735456672333e-21)
17.3                    	(9.4623608230982818e-03 2.0731547290207447e-01 -5.5485326502241090e-20)	(9.3105052390231452e-03 2.0731520407854734e-01 -5.3330574788194937e-20)	(1.5185558407513619e-04 2.6882352714536989e-07 -2.1547517140461552e-21)
17.4                    	(1.9586465726788325e-02 3.3594250390296893e-01 8.1356939164591485e-19)	(1.9451277577689711e-02 3.3593626244006541e-01 8.2621659727936583e-19)	(1.3518814909861172e-04 6.2414629035072686e-06 -1.2647205633450994e-20)
17.5                    	(5.1782774931259996e-02 5.7011638605265413e-01 -1.8514709645126654e-18)	(5.1656069064744972e-02 5.7009927291904261e-01 -1.8575729767157559e-18)	(1.2670586651502468e-04 1.7113133611513076e-05 6.1020122030903387e-21)
17.6                    	(4.7638198692541728e-03 3.0732069638822035e-01 -4.9763574858222285e-19)	(4.6389095837507683e-03 3.0729633881877022e-01 -4.8372421913092366e-19)	(1.2491028550340496e-04 2.4357569450127024e-05 -1.3911529451299186e-20)
17.7                    	(1.7738819976356472e-03 1.7338871426403651e-01 1.3643992021830239e-19)	(1.6511773877550336e-03 1.7335673751079661e-01 1.3892052146432868e-19)	(1.2270460988061360e-04 3.1976753239899016e-05 -2.4806012460262848e-21)
17.8                    	(4.0788774369213847e-02 -9.8601855182103515e-02 -6.1116351124805861e-19)	(4.0671821964712973e-02 -9.8613719696453286e-02 -6.1000381577740843e-19)	(1.1695240450087225e-04 1.1864514349776233e-05 -1.1596954706502221e-21)
17.9                    	(2.7046332162398358e-02 -7.5783962426681950e-02 1.2362584794615957e-19)	(2.6919766046788186e-02 -7.5795646228885155e-02 1.2585525960739686e-19)	(1.2656611561017215e-04 1.1683802203200023e-05 -2.2294116612372898e-21)
18                      	(8.1898933154249259e-03 5.1719200216365495e-02 2.0798408196756653e-20)	(8.0429597454015206e-03 5.1713207039907852e-02 1.5613696711106096e-20)	(1.4693357002340529e-04 5.9931764576412176e-06 5.1847114856505581e-21)
18.1                    	(-6.1017300471740673e-03 1.0123744490218933e-01 -4.0681375900399082e-19)	(-6.2483623881010673e-03 1.0123409375663109e-01 -3.9540401045290861e-19)	(1.4663234092699979e-04 3.3511455582508864e-06 -1.1409748551082216e-20)
18.2                    	(3.7962373482565504e-03 2.4177324866393476e-01 -1.9678895192425037e-20)	(3.6516059185749856e-03 2.4176784172869351e-01 -1.8442701319375663e-20)	(1.4463142968156460e-04 5.4069352412707211e-06 -1.2361938730493747e-21)
18.3                    	(4.6441642654935264e-02 4.9854225935032564e-01 1.3221416098496316e-18)	(4.6309600079840904e-02 4.9852688101343018e-01 1.3149232497398963e-18)	(1.3204257509435660e-04 1.5378336895451776e-05 7.2183601097354352e-21)
18.4                    	(1.7259038044095919e-02 4.4608701933724443e-01 -1.8723092347375465e-18)	(1.7129175489949078e-02 4.4606450647265677e-01 -1.8589993782066106e-18)	(1.2986255414684043e-04 2.2512864587626614e-05 -1.3309856530935806e-20)
18.5                    	(4.0092002045433546e-03 1.9759330773543379e-01 2.0037062624004527e-21)	(3.8774469836572278e-03 1.9757027274094335e-01 4.8431278606170494e-21)	(1.3175322088612696e-04 2.3034994490450205e-05 -2.8394215982165967e-21)
18.6                    	(3.2366004262639254e-02 -4.5752855725498441e-02 1.5182055609162840e-19)	(3.2254429209439543e-02 -4.5763551737109776e-02 1.5072398573269082e-19)	(1.1157505319970830e-04 1.0696011611332227e-05 1.0965703589375877e-21)
18.7                    	(4.0633923710952646e-02 -1.1847430349776003e-01 -4.0033037603450244e-19)	(4.0506708750606538e-02 -1.1848493115198329e-01 -3.9945029153007529e-19)	(1.2721496034610719e-04 1.0627654223260105e-05 -8.8008450442714529e-22)
18.8                    	(1.2314187179038550e-02 -2.6186388195132125e-03 2.9126658205604506e-20)	(1.2174401765532512e-02 -2.6271393971950899e-03 1.8908317767963598e-20)	(1.3978541350603764e-04 8.5005776818775145e-06 1.0218340437640906e-20)
18.9                    	(6.3385076751099859e-04 8.4460268719707257e-02 1.4175584274684443e-19)	(4.8283788338115258e-04 8.4460206991945799e-02 1.5501675355331227e-19)	(1.5101288412984601e-04 6.1727761457730029e-08 -1.3260910806467842e-20)
19                      	(-1.9561797768466310e-03 1.8487216724216596e-01 1.0062661716424231e-18)	(-2.1067403094434650e-03 1.8486968081731056e-01 1.0107114938270383e-18)	(1.5056053259683371e-04 2.4864248553908812e-06 -4.4453221846153519e-21)
19.1                    	(2.8976839894079308e-02 3.8888296803214073e-01 -9.2727736384803638e-20)	(2.8845555857371433e-02 3.8887373105430356e-01 -1.0107700480371879e-19)	(1.3128403670787636e-04 9.2369778371909888e-06 8.3492684189151528e-21)
19.2                    	(4.8719516682610237e-02 5.9309337640771365e-01 -2.1417525967406665e-18)	(4.8594055566025827e-02 5.9307299371483269e-01 -2.1284339276196374e-18)	(1.2546111658440643e-04 2.0382692880942229e-05 -1.3318669121029133e-20)
19.3                    	(3.4590961019641325e-03 4.6532305706247279e-01 -3.2658722792475344e-19)	(3.3336846300652105e-03 4.6529902948137308e-01 -3.3712713348779313e-19)	(1.2541147189892225e-04 2.4027581099699401e-05 1.0539905563039670e-20)
19.4                    	(1.3955024910709985e-02 9.1101135733385269e-02 -4.1103748049254831e-20)	(1.3830161593476567e-02 9.1079466479656285e-02 -2.7324759758142478e-20)	(1.2486331723341734e-04 2.1669253728989213e-05 -1.3778988291112353e-20)
19.5                    	(4.1363681984456849e-02 -1.1104460339354121e-01 2.2395153087808607e-19)	(4.1246161034910439e-02 -1.1105646063030125e-01 2.2725943415991459e-19)	(1.1752094954641246e-04 1.1857236760040833e-05 -3.3079032818284934e-21)
19.6                    	(2.0268757956628740e-02 -4.5719677110540737e-02 2.8547502776342219e-19)	(2.0139305848808468e-02 -4.5729738648927112e-02 2.7632001479745314e-19)	(1.2945210782027127e-04 1.0061538386377212e-05 9.1550129659690466e-21)
19.7                    	(6.0828134231437347e-03 7.3280084117585506e-02 1.7002320977995063e-20)	(5.9332416344796144e-03 7.3276807263966307e-02 3.0235854984937549e-20)	(1.4957178866412070e-04 3.2768536192044923e-06 -1.3233534006942485e-20)
19.8                    	(8.1619497956461461e-03 1.8558220104066833e-01 -2.1031839962308118e-19)	(8.0132143762812903e-03 1.8558196247757369e-01 -2.0915832247195878e-19)	(1.4873541936485598e-04 2.3856309463214417e-07 -1.1600771511223964e-21)
19.9                    	(1.5389776039632822e-02 3.0346613694084373e-01 -2.8232127419750738e-19)	(1.5254751887780051e-02 3.0346110794253384e-01 -2.7960181711238003e-19)	(1.3502415185277100e-04 5.0289983099120353e-06 -2.7194570851273234e-21)
20                      	(4.9233245551947358e-02 5.3425504324221063e-01 -1.2148058593922128e-18)	(4.9108073268391922e-02 5.3423858948432501e-01 -1.2134182152804587e-18)	(1.2517228355543673e-04 1.6453757885662651e-05 -1.3876441117541177e-21)
