FoamFile
{
    version     2.0;
    format      ascii;
    class       labelList;
    location    "constant/polyMesh";
    object      neighbour;
}

8607      
(
 1 3 4 6 8 10 12 14 15 17
 28 28 31 33 37 39 41 42 44 46
 48 50 54 56 58 60 61 61 79 82
 92 95 99 105 107 108 108 110 113 115
 117 118 119 122 122 123 123 124 124 126
 128 129 130 130 131 131 132 133 136 138
 140 142 145 147 149 151 153 157 159 161
 163 165 167 170 172 174 175 208 215 217
 221 224 241 243 250 252 254 256 260 262
 264 265 267 268 270 272 274 278 279 280
 281 284 284 285 292 294 295 296 298 300
 301 302 304 305 307 309 311 312 313 313
 315 317 319 321 321 321 324 326 327 329
 330 331 335 337 340 341 343 345 347 348
 349 350 352 353 357 359 360 362 364 365
 366 368 371 372 373 377 379 382 383 385
 387 389 390 391 394 395 397 399 401 404
 406 407 411 412 412 414 416 419 423 424
 426 439 439 444 444 452 454 460 471 475
 490 494 500 501 507 511 512 512 517 524
 526 527 529 534 537 543 557 560 563 564
 565 566 570 575 598 599 605 606 613 628
 629 632 633 633 634 635 637 638 641 642
 644 645 645 645 646 646 646 647 648 648
 649 649 651 652 653 654 659 660 662 665
 666 667 668 670 671 672 673 674 675 675
 676 679 680 680 683 684 687 688 689 689
 691 693 695 696 697 697 698 698 699 703
 704 704 705 705 708 708 709 711 712 712
 712 714 714 715 715 716 718 718 719 719
 720 720 722 722 722 723 723 724 724 725
 725 726 727 728 729 729 730 730 730 731
 731 732 732 732 734 735 736 736 737 738
 738 739 741 743 744 745 745 745 747 749
 750 752 755 756 758 761 762 762 763 763
 763 765 765 766 767 768 768 770 770 771
 775 778 779 781 781 782 782 783 783 784
 784 786 786 787 788 789 790 790 791 792
 794 795 796 796 797 798 799 801 801 801
 803 806 806 806 807 808 808 809 813 814
 814 815 815 816 816 817 817 818 818 821
 821 822 822 824 825 826 828 828 829 829
 830 830 830 831 831 832 832 833 833 833
 834 834 835 835 836 836 838 839 842 843
 843 844 844 846 846 846 847 849 850 852
 853 854 854 855 856 856 856 857 857 857
 858 858 858 859 859 862 863 864 866 867
 867 869 869 870 870 870 871 871 871 873
 873 873 874 877 877 878 878 878 879 879
 880 880 880 883 883 884 884 885 886 887
 890 891 891 891 892 892 893 893 893 894
 894 895 896 896 899 900 901 901 901 903
 905 906 907 908 908 909 913 915 916 917
 918 919 919 919 920 921 921 922 922 923
 925 926 927 930 931 932 934 934 935 935
 940 943 944 945 949 950 954 956 957 961
 961 961 962 962 962 963 964 964 964 965
 965 965 966 966 967 968 968 969 969 971
 972 973 974 975 975 976 976 976 977 977
 980 980 983 983 983 984 984 984 985 986
 986 986 987 989 989 989 990 990 990 991
 993 993 994 995 995 998 999 1000 1003 1006
 1007 1008 1011 1011 1012 1014 1015 1015 1016 1016
 1021 1022 1022 1024 1024 1025 1027 1033 1034 1035
 1035 1035 1036 1037 1038 1039 1040 1040 1041 1042
 1043 1044 1044 1044 1045 1045 1046 1046 1047 1047
 1048 1048 1049 1050 1050 1051 1052 1053 1054 1054
 1056 1059 1060 1060 1061 1064 1064 1064 1065 1065
 1067 1068 1068 1069 1069 1070 1071 1073 1073 1074
 1074 1075 1075 1076 1076 1078 1078 1079 1079 1079
 1080 1080 1080 1081 1081 1082 1082 1083 1084 1085
 1085 1086 1086 1087 1087 1087 1088 1088 1091 1093
 1095 1096 1096 1098 1099 1099 1099 1102 1103 1104
 1105 1105 1107 1107 1107 1108 1108 1109 1109 1109
 1110 1111 1114 1114 1114 1115 1115 1115 1117 1118
 1118 1118 1119 1119 1119 1120 1121 1122 1122 1123
 1124 1124 1125 1126 1126 1126 1127 1127 1128 1128
 1128 1129 1129 1129 1131 1131 1132 1132 1135 1136
 1137 1137 1138 1138 1139 1139 1140 1140 1141 1142
 1143 1143 1144 1144 1144 1148 1149 1153 1154 1156
 1156 1156 1157 1157 1157 1158 1159 1159 1160 1160
 1160 1161 1161 1161 1163 1164 1165 1166 1166 1166
 1168 1168 1168 1169 1171 1172 1172 1172 1173 1173
 1173 1175 1176 1176 1176 1177 1177 1177 1178 1178
 1178 1179 1181 1181 1183 1184 1185 1186 1189 1191
 1191 1192 1192 1195 1195 1196 1196 1196 1197 1197
 1197 1201 1201 1201 1202 1202 1202 1204 1205 1205
 1206 1208 1209 1209 1210 1210 1211 1211 1211 1212
 1212 1213 1214 1214 1215 1215 1216 1216 1216 1217
 1219 1220 1221 1221 1221 1223 1223 1224 1226 1228
 1228 1228 1229 1229 1230 1230 1232 1233 1233 1234
 1234 1236 1237 1237 1238 1239 1240 1240 1241 1243
 1243 1248 1251 1253 1254 1254 1255 1255 1255 1256
 1256 1257 1258 1259 1261 1261 1262 1262 1264 1266
 1267 1267 1267 1268 1268 1269 1269 1270 1272 1272
 1273 1274 1275 1275 1276 1276 1277 1277 1278 1278
 1278 1279 1280 1281 1282 1282 1282 1283 1285 1285
 1287 1288 1289 1289 1290 1291 1291 1292 1295 1295
 1296 1297 1297 1298 1298 1299 1299 1302 1302 1304
 1305 1307 1307 1307 1308 1308 1309 1311 1311 1312
 1313 1314 1316 1317 1317 1317 1318 1318 1318 1319
 1319 1320 1321 1323 1323 1324 1325 1325 1325 1326
 1326 1327 1328 1330 1331 1332 1332 1333 1334 1335
 1338 1341 1342 1342 1342 1343 1344 1344 1344 1345
 1345 1346 1346 1347 1348 1348 1348 1349 1349 1349
 1350 1350 1352 1353 1353 1354 1356 1357 1358 1358
 1360 1361 1362 1363 1363 1364 1365 1365 1365 1366
 1367 1367 1367 1368 1368 1368 1369 1369 1370 1371
 1371 1374 1375 1375 1376 1376 1376 1377 1378 1378
 1379 1379 1380 1381 1382 1382 1383 1383 1384 1384
 1384 1385 1385 1385 1386 1386 1386 1387 1387 1388
 1388 1388 1389 1393 1393 1395 1395 1396 1397 1397
 1398 1399 1400 1400 1400 1402 1402 1402 1403 1403
 1403 1405 1406 1406 1407 1407 1407 1408 1411 1413
 1413 1414 1414 1415 1415 1418 1418 1419 1422 1422
 1422 1423 1423 1423 1424 1424 1424 1425 1427 1428
 1428 1429 1430 1431 1431 1431 1433 1433 1434 1434
 1436 1437 1438 1439 1439 1440 1441 1442 1442 1443
 1443 1444 1445 1447 1447 1448 1448 1449 1451 1451
 1451 1452 1452 1452 1453 1453 1453 1454 1454 1454
 1455 1455 1455 1456 1457 1457 1458 1459 1461 1461
 1462 1464 1465 1466 1466 1466 1467 1468 1468 1469
 1470 1470 1471 1473 1473 1473 1474 1474 1474 1475
 1475 1476 1476 1476 1477 1477 1479 1479 1479 1480
 1482 1482 1483 1483 1483 1484 1484 1485 1485 1485
 1486 1486 1486 1487 1487 1487 1488 1489 1490 1490
 1491 1492 1492 1494 1495 1495 1496 1496 1496 1497
 1500 1501 1502 1502 1502 1503 1506 1507 1507 1507
 1508 1508 1509 1510 1511 1511 1511 1512 1512 1513
 1513 1513 1515 1515 1515 1516 1516 1518 1518 1519
 1519 1522 1522 1525 1526 1526 1527 1527 1529 1530
 1531 1532 1532 1533 1533 1533 1534 1534 1535 1536
 1537 1537 1538 1538 1539 1539 1540 1541 1541 1541
 1542 1542 1542 1544 1544 1544 1547 1548 1549 1549
 1549 1550 1551 1551 1552 1552 1553 1553 1553 1554
 1554 1554 1555 1556 1557 1558 1558 1559 1559 1560
 1560 1560 1561 1561 1561 1563 1564 1564 1565 1565
 1566 1566 1567 1568 1570 1570 1570 1571 1571 1572
 1572 1577 1578 1578 1579 1579 1579 1580 1580 1582
 1582 1582 1584 1585 1586 1587 1587 1587 1588 1588
 1589 1589 1590 1590 1590 1593 1593 1593 1594 1594
 1594 1595 1597 1597 1598 1598 1599 1599 1599 1600
 1600 1604 1605 1606 1608 1609 1609 1610 1611 1612
 1612 1612 1614 1614 1618 1618 1619 1619 1619 1620
 1622 1623 1624 1624 1629 1630 1630 1631 1631 1631
 1632 1632 1634 1635 1635 1635 1636 1636 1636 1637
 1637 1638 1638 1638 1639 1640 1646 1648 1648 1648
 1649 1649 1650 1650 1651 1651 1651 1652 1653 1653
 1655 1655 1655 1656 1656 1657 1657 1657 1658 1658
 1658 1659 1659 1660 1660 1661 1663 1663 1664 1664
 1665 1665 1665 1666 1666 1667 1668 1668 1669 1669
 1669 1670 1670 1670 1671 1671 1671 1672 1672 1672
 1673 1673 1673 1674 1677 1678 1678 1680 1681 1681
 1681 1682 1682 1685 1685 1686 1688 1688 1692 1692
 1693 1694 1694 1694 1695 1695 1695 1696 1698 1700
 1702 1702 1702 1703 1704 1704 1705 1705 1706 1706
 1708 1708 1709 1709 1709 1711 1711 1712 1712 1712
 1713 1713 1714 1715 1718 1719 1719 1721 1721 1723
 1723 1723 1724 1724 1726 1727 1727 1728 1728 1729
 1730 1731 1731 1731 1732 1733 1733 1733 1734 1734
 1736 1736 1737 1737 1738 1739 1739 1740 1741 1741
 1741 1742 1742 1743 1744 1746 1747 1747 1748 1749
 1750 1751 1751 1751 1752 1752 1752 1755 1756 1756
 1757 1758 1759 1759 1760 1760 1760 1761 1761 1763
 1765 1767 1767 1767 1768 1768 1768 1769 1769 1770
 1770 1771 1771 1772 1774 1774 1775 1775 1777 1777
 1777 1778 1778 1778 1779 1779 1779 1781 1782 1782
 1782 1783 1784 1786 1786 1786 1787 1787 1788 1788
 1791 1791 1791 1792 1792 1792 1793 1793 1794 1794
 1794 1795 1797 1797 1797 1798 1799 1799 1799 1800
 1800 1800 1802 1802 1803 1803 1803 1804 1804 1805
 1809 1810 1810 1810 1811 1811 1811 1812 1812 1812
 1813 1814 1815 1815 1815 1816 1816 1816 1818 1818
 1819 1819 1820 1820 1820 1821 1822 1822 1822 1824
 1826 1827 1827 1827 1828 1831 1831 1831 1832 1832
 1834 1835 1835 1836 1837 1837 1838 1838 1838 1840
 1841 1841 1843 1843 1844 1846 1846 1846 1847 1847
 1850 1851 1851 1852 1852 1852 1853 1853 1854 1854
 1856 1857 1857 1857 1858 1858 1859 1860 1861 1862
 1863 1865 1866 1867 1868 1868 1868 1869 1870 1870
 1871 1871 1871 1872 1872 1872 1873 1873 1874 1878
 1879 1881 1884 1886 1887 1887 1887 1888 1889 1890
 1891 1892 1893 1893 1893 1894 1894 1894 1895 1895
 1895 1896 1897 1897 1899 1900 1901 1902 1903 1904
 1904 1905 1906 1906 1907 1908 1908 1908 1909 1909
 1910 1910 1911 1912 1912 1913 1913 1913 1914 1915
 1915 1916 1916 1918 1919 1920 1920 1920 1921 1921
 1921 1922 1923 1924 1924 1924 1925 1925 1926 1927
 1927 1928 1928 1929 1929 1930 1930 1931 1931 1932
 1933 1933 1933 1934 1934 1935 1935 1936 1937 1937
 1938 1939 1939 1940 1942 1945 1949 1949 1949 1950
 1950 1951 1951 1951 1952 1952 1954 1955 1955 1955
 1956 1956 1957 1957 1957 1958 1958 1958 1959 1960
 1962 1963 1965 1965 1965 1966 1966 1966 1967 1968
 1968 1969 1969 1969 1970 1970 1970 1972 1973 1974
 1975 1976 1977 1978 1979 1979 1980 1980 1980 1983
 1984 1984 1984 1985 1986 1987 1991 1991 1992 1992
 1994 1994 1995 1995 1996 1997 1997 1998 1998 2000
 2001 2001 2001 2002 2002 2003 2004 2006 2007 2007
 2007 2010 2010 2010 2011 2011 2014 2015 2015 2015
 2016 2016 2017 2017 2018 2018 2018 2019 2020 2020
 2020 2021 2021 2022 2022 2022 2024 2025 2026 2026
 2026 2027 2028 2028 2029 2029 2029 2030 2030 2030
 2035 2035 2035 2036 2036 2037 2038 2040 2041 2042
 2042 2043 2043 2044 2044 2044 2047 2047 2047 2048
 2048 2048 2049 2050 2051 2051 2052 2052 2052 2053
 2053 2054 2054 2054 2056 2057 2057 2057 2058 2058
 2059 2059 2059 2060 2060 2060 2061 2061 2061 2062
 2062 2062 2063 2064 2064 2065 2066 2066 2066 2067
 2067 2067 2068 2068 2068 2069 2070 2071 2071 2071
 2072 2072 2073 2076 2076 2077 2078 2080 2080 2080
 2082 2083 2084 2084 2085 2085 2086 2086 2087 2087
 2088 2089 2091 2092 2092 2093 2093 2094 2095 2095
 2095 2097 2097 2098 2099 2101 2101 2102 2103 2105
 2106 2107 2107 2108 2109 2110 2111 2111 2112 2113
 2113 2114 2114 2115 2116 2117 2119 2120 2120 2120
 2121 2121 2122 2123 2123 2124 2124 2124 2126 2126
 2127 2128 2129 2130 2131 2133 2133 2134 2135 2135
 2137 2137 2137 2138 2138 2139 2139 2139 2141 2141
 2143 2143 2144 2145 2145 2145 2146 2147 2147 2148
 2148 2149 2149 2150 2151 2153 2153 2153 2154 2154
 2155 2155 2155 2156 2156 2157 2157 2158 2158 2158
 2159 2159 2159 2162 2162 2163 2163 2164 2165 2166
 2166 2166 2167 2167 2168 2168 2168 2169 2170 2170
 2172 2173 2173 2174 2175 2175 2176 2177 2178 2179
 2180 2181 2181 2181 2182 2182 2183 2183 2184 2184
 2184 2185 2185 2185 2186 2187 2188 2189 2190 2191
 2192 2194 2194 2194 2195 2195 2195 2197 2199 2200
 2201 2201 2201 2202 2202 2203 2203 2203 2204 2204
 2204 2205 2207 2209 2209 2210 2211 2213 2213 2213
 2214 2214 2215 2215 2215 2216 2216 2216 2217 2218
 2218 2221 2222 2222 2222 2223 2223 2224 2224 2224
 2225 2225 2226 2226 2227 2227 2227 2228 2228 2228
 2229 2229 2230 2230 2232 2233 2233 2233 2234 2234
 2234 2237 2238 2238 2238 2239 2239 2239 2240 2240
 2240 2243 2244 2245 2246 2246 2251 2251 2252 2252
 2255 2255 2255 2258 2258 2259 2262 2262 2262 2263
 2263 2263 2265 2265 2266 2266 2266 2268 2268 2269
 2269 2270 2270 2270 2271 2271 2271 2272 2272 2273
 2273 2275 2275 2277 2278 2278 2278 2279 2279 2283
 2283 2284 2284 2284 2285 2286 2286 2288 2288 2289
 2289 2289 2290 2291 2292 2293 2294 2294 2294 2295
 2295 2295 2296 2298 2298 2298 2299 2299 2299 2300
 2300 2302 2302 2303 2303 2306 2307 2308 2310 2311
 2312 2312 2313 2313 2314 2314 2314 2315 2317 2319
 2319 2319 2320 2321 2322 2323 2323 2323 2324 2324
 2324 2325 2325 2325 2326 2326 2327 2327 2329 2329
 2332 2332 2333 2333 2333 2334 2335 2336 2336 2337
 2337 2337 2338 2338 2339 2339 2340 2341 2341 2342
 2344 2344 2345 2346 2346 2350 2351 2351 2351 2352
 2352 2354 2355 2356 2357 2357 2359 2359 2360 2360
 2360 2361 2361 2362 2362 2362 2363 2363 2363 2364
 2364 2365 2365 2365 2366 2366 2367 2367 2368 2370
 2371 2372 2372 2373 2373 2375 2376 2376 2377 2377
 2378 2378 2379 2382 2384 2385 2385 2385 2386 2386
 2386 2387 2387 2387 2388 2388 2388 2389 2390 2392
 2393 2394 2395 2399 2401 2402 2405 2405 2406 2406
 2406 2407 2407 2407 2408 2408 2408 2412 2413 2417
 2417 2417 2418 2421 2421 2421 2422 2422 2422 2423
 2423 2423 2424 2425 2427 2428 2429 2430 2430 2431
 2431 2432 2432 2436 2436 2437 2437 2437 2438 2439
 2439 2439 2440 2440 2441 2442 2443 2444 2444 2445
 2445 2445 2446 2446 2446 2447 2447 2448 2448 2448
 2449 2449 2449 2450 2450 2451 2451 2451 2454 2455
 2456 2456 2457 2457 2460 2463 2463 2463 2464 2464
 2464 2467 2467 2467 2468 2468 2469 2471 2471 2471
 2472 2472 2473 2473 2473 2474 2474 2474 2475 2476
 2476 2477 2478 2478 2479 2480 2480 2481 2481 2482
 2482 2482 2483 2484 2484 2484 2485 2485 2486 2486
 2487 2488 2488 2489 2489 2489 2490 2492 2492 2492
 2494 2494 2495 2496 2497 2498 2498 2499 2500 2500
 2500 2501 2501 2501 2503 2504 2506 2506 2507 2507
 2508 2508 2508 2509 2511 2511 2512 2512 2512 2513
 2514 2515 2515 2515 2516 2516 2516 2517 2517 2517
 2518 2518 2518 2519 2520 2520 2521 2522 2523 2523
 2523 2524 2524 2525 2525 2525 2526 2526 2526 2527
 2527 2527 2528 2529 2529 2530 2530 2531 2531 2533
 2533 2534 2534 2535 2536 2536 2537 2537 2537 2538
 2538 2538 2539 2539 2541 2541 2541 2542 2542 2543
 2544 2544 2544 2545 2546 2547 2547 2547 2548 2548
 2548 2550 2551 2551 2551 2552 2552 2553 2553 2553
 2554 2556 2556 2557 2557 2558 2558 2558 2559 2559
 2560 2560 2561 2561 2561 2563 2566 2566 2567 2567
 2568 2569 2570 2570 2570 2571 2571 2573 2573 2573
 2574 2574 2574 2575 2575 2575 2576 2576 2576 2577
 2577 2578 2578 2578 2579 2580 2582 2582 2582 2583
 2583 2583 2584 2584 2587 2587 2588 2589 2589 2589
 2590 2590 2590 2591 2591 2593 2593 2593 2594 2595
 2595 2596 2596 2597 2597 2598 2599 2600 2600 2601
 2602 2603 2603 2604 2604 2604 2605 2607 2607 2608
 2609 2609 2609 2610 2610 2611 2611 2612 2612 2613
 2614 2614 2614 2615 2615 2615 2616 2617 2617 2617
 2618 2619 2619 2620 2620 2620 2621 2621 2622 2622
 2622 2623 2624 2625 2626 2628 2628 2629 2629 2629
 2630 2630 2631 2631 2632 2632 2633 2633 2633 2634
 2635 2636 2636 2636 2637 2638 2639 2640 2640 2640
 2641 2641 2643 2646 2647 2647 2648 2649 2649 2649
 2650 2650 2650 2651 2651 2651 2652 2654 2654 2655
 2655 2658 2659 2659 2660 2660 2660 2661 2661 2661
 2662 2662 2663 2663 2663 2664 2664 2664 2665 2665
 2665 2666 2666 2666 2667 2669 2669 2670 2670 2671
 2671 2671 2672 2675 2676 2677 2677 2678 2679 2679
 2679 2680 2680 2681 2682 2682 2683 2684 2685 2685
 2686 2686 2686 2687 2687 2687 2688 2688 2690 2690
 2690 2691 2691 2691 2692 2692 2693 2693 2693 2694
 2694 2694 2696 2698 2699 2699 2700 2700 2700 2701
 2702 2702 2704 2705 2705 2706 2708 2708 2709 2709
 2710 2710 2711 2711 2712 2712 2714 2716 2717 2718
 2719 2719 2720 2722 2722 2723 2723 2723 2724 2724
 2724 2725 2725 2725 2728 2728 2729 2729 2730 2730
 2731 2731 2731 2732 2732 2733 2733 2734 2735 2735
 2736 2736 2738 2739 2739 2740 2740 2740 2741 2742
 2743 2744 2744 2745 2746 2747 2748 2749 2749 2749
 2750 2751 2751 2752 2757 2759 2760 2760 2761 2762
 2763 2763 2763 2764 2764 2765 2765 2766 2767 2767
 2769 2769 2769 2770 2770 2771 2771 2771 2772 2772
 2773 2773 2774 2774 2776 2776 2777 2778 2779 2779
 2779 2780 2781 2781 2782 2782 2782 2783 2784 2785
 2785 2785 2788 2789 2789 2789 2790 2790 2790 2791
 2792 2792 2792 2793 2794 2794 2795 2795 2797 2798
 2799 2799 2799 2800 2800 2800 2802 2804 2805 2806
 2806 2807 2807 2809 2810 2810 2810 2811 2811 2812
 2812 2813 2813 2813 2814 2814 2815 2815 2815 2816
 2817 2819 2819 2820 2820 2820 2821 2821 2824 2825
 2825 2825 2827 2828 2828 2828 2829 2829 2832 2832
 2833 2833 2833 2834 2834 2835 2836 2837 2837 2837
 2838 2838 2838 2839 2839 2839 2841 2842 2842 2842
 2843 2843 2843 2844 2845 2846 2846 2846 2847 2847
 2848 2848 2848 2849 2849 2850 2853 2854 2854 2855
 2856 2857 2857 2857 2858 2859 2859 2860 2860 2860
 2861 2861 2862 2863 2864 2864 2865 2865 2866 2866
 2867 2868 2868 2869 2869 2869 2870 2871 2871 2873
 2873 2874 2875 2878 2878 2878 2879 2879 2880 2880
 2880 2881 2882 2883 2884 2884 2885 2885 2886 2886
 2887 2887 2887 2888 2889 2889 2890 2890 2892 2893
 2894 2894 2896 2896 2897 2897 2899 2899 2900 2900
 2900 2901 2901 2901 2902 2902 2902 2903 2903 2903
 2904 2904 2905 2907 2907 2908 2909 2909 2910 2911
 2912 2912 2912 2913 2913 2914 2914 2914 2915 2915
 2915 2916 2916 2917 2918 2918 2918 2919 2919 2919
 2920 2921 2921 2921 2922 2922 2922 2924 2924 2925
 2925 2926 2926 2927 2927 2928 2929 2929 2929 2932
 2933 2933 2934 2934 2934 2935 2935 2936 2936 2938
 2939 2940 2940 2941 2942 2942 2943 2943 2943 2944
 2944 2944 2945 2945 2945 2946 2948 2948 2950 2950
 2951 2953 2953 2953 2954 2954 2955 2955 2956 2956
 2956 2957 2958 2958 2959 2963 2963 2964 2964 2964
 2967 2967 2967 2968 2968 2968 2969 2970 2970 2971
 2971 2971 2972 2972 2972 2974 2975 2975 2975 2976
 2976 2976 2978 2979 2979 2979 2980 2980 2980 2981
 2981 2981 2982 2982 2983 2983 2983 2984 2984 2984
 2985 2986 2986 2987 2987 2987 2988 2988 2988 2990
 2990 2991 2991 2992 2992 2992 2993 2993 2993 2994
 2994 2994 2995 2995 2996 2996 2997 2997 2998 2998
 2998 2999 3000 3002 3003 3003 3003 3004 3004 3005
 3006 3006 3007 3007 3010 3013 3014 3014 3015 3015
 3015 3016 3016 3016 3017 3018 3018 3019 3019 3019
 3020 3020 3020 3021 3022 3022 3023 3023 3024 3024
 3025 3026 3026 3027 3027 3027 3028 3028 3029 3030
 3030 3031 3031 3031 3032 3032 3033 3035 3035 3035
 3036 3036 3037 3037 3037 3038 3038 3039 3039 3039
 3040 3040 3040 3041 3041 3041 3042 3042 3043 3043
 3043 3044 3044 3045 3045 3045 3046 3046 3047 3047
 3047 3048 3049 3049 3049 3050 3050 3050 3051 3051
 3054 3055 3055 3056 3056 3057 3057 3057 3058 3058
 3060 3062 3063 3065 3065 3066 3066 3066 3067 3067
 3067 3068 3068 3068 3069 3070 3071 3071 3071 3072
 3072 3073 3073 3073 3074 3074 3075 3076 3077 3077
 3077 3078 3078 3079 3079 3080 3080 3080 3083 3083
 3084 3085 3085 3085 3086 3086 3086 3087 3088 3090
 3090 3091 3091 3091 3092 3092 3093 3093 3094 3095
 3096 3096 3097 3097 3098 3098 3098 3099 3099 3099
 3100 3100 3100 3101 3101 3102 3102 3102 3103 3103
 3105 3106 3107 3107 3107 3108 3108 3108 3109 3109
 3110 3110 3110 3111 3111 3112 3113 3113 3114 3114
 3115 3115 3116 3116 3117 3118 3118 3119 3121 3121
 3121 3122 3123 3124 3126 3126 3127 3129 3129 3129
 3130 3130 3131 3131 3132 3132 3134 3135 3135 3135
 3136 3138 3139 3139 3140 3140 3140 3141 3141 3141
 3142 3143 3143 3144 3146 3146 3147 3147 3147 3148
 3148 3148 3149 3150 3150 3150 3151 3151 3151 3153
 3153 3153 3154 3154 3154 3155 3155 3156 3157 3158
 3158 3158 3159 3159 3160 3163 3164 3164 3165 3165
 3167 3167 3167 3168 3168 3169 3169 3169 3170 3172
 3172 3173 3173 3173 3174 3174 3175 3175 3175 3176
 3176 3177 3177 3177 3179 3181 3182 3183 3184 3184
 3184 3185 3185 3186 3186 3187 3187 3188 3188 3188
 3190 3190 3191 3191 3191 3192 3192 3192 3193 3194
 3194 3195 3195 3197 3197 3198 3198 3198 3199 3199
 3200 3201 3202 3202 3203 3203 3203 3204 3204 3204
 3205 3205 3205 3207 3207 3209 3209 3210 3210 3211
 3211 3211 3214 3214 3219 3220 3221 3222 3222 3223
 3223 3224 3224 3224 3225 3225 3227 3227 3228 3228
 3229 3230 3230 3230 3231 3231 3231 3232 3232 3232
 3233 3233 3234 3235 3235 3235 3237 3238 3238 3239
 3239 3239 3240 3241 3241 3242 3242 3246 3246 3247
 3247 3248 3248 3248 3249 3249 3250 3250 3250 3252
 3253 3253 3253 3254 3254 3254 3255 3255 3255 3258
 3258 3258 3259 3259 3259 3260 3261 3261 3262 3264
 3264 3265 3266 3267 3268 3269 3269 3269 3270 3271
 3272 3272 3272 3273 3273 3273 3274 3274 3274 3275
 3275 3275 3279 3279 3279 3280 3281 3281 3281 3282
 3282 3282 3283 3283 3284 3284 3285 3285 3285 3287
 3288 3288 3288 3289 3289 3289 3290 3290 3292 3294
 3295 3296 3297 3297 3297 3298 3298 3298 3299 3299
 3299 3300 3301 3301 3304 3304 3305 3306 3306 3306
 3307 3307 3308 3309 3310 3310 3311 3311 3311 3314
 3314 3315 3315 3315 3316 3316 3316 3317 3317 3317
 3318 3319 3319 3320 3320 3321 3321 3321 3322 3322
 3322 3323 3323 3324 3325 3325 3325 3326 3326 3326
 3327 3327 3328 3328 3329 3329 3330 3330 3331 3332
 3333 3333 3334 3334 3335 3336 3336 3336 3337 3337
 3338 3340 3340 3340 3341 3341 3342 3342 3343 3343
 3343 3344 3344 3344 3345 3347 3348 3348 3349 3349
 3349 3350 3350 3351 3351 3352 3352 3352 3353 3354
 3354 3355 3355 3355 3356 3356 3356 3357 3357 3357
 3358 3359 3359 3359 3360 3360 3360 3361 3361 3361
 3362 3362 3363 3365 3365 3365 3366 3366 3366 3369
 3371 3371 3371 3374 3374 3374 3375 3375 3375 3377
 3377 3378 3379 3379 3379 3382 3382 3383 3384 3384
 3384 3385 3385 3385 3386 3388 3389 3389 3389 3390
 3390 3390 3391 3391 3391 3392 3392 3392 3393 3393
 3394 3394 3394 3395 3395 3395 3397 3398 3399 3401
 3402 3403 3404 3404 3404 3405 3406 3406 3407 3407
 3408 3409 3409 3409 3410 3411 3412 3412 3413 3413
 3414 3414 3414 3415 3415 3416 3416 3416 3417 3417
 3418 3418 3419 3419 3420 3420 3421 3421 3421 3422
 3423 3425 3425 3426 3426 3427 3427 3427 3428 3428
 3428 3430 3432 3432 3433 3433 3435 3436 3437 3437
 3437 3438 3438 3438 3439 3440 3440 3440 3442 3443
 3443 3443 3444 3444 3444 3445 3445 3445 3446 3446
 3447 3448 3448 3448 3450 3451 3452 3452 3455 3455
 3455 3456 3457 3457 3458 3458 3459 3459 3460 3460
 3460 3461 3461 3463 3463 3463 3464 3464 3465 3465
 3466 3466 3467 3468 3469 3470 3470 3470 3471 3471
 3472 3472 3475 3475 3476 3476 3477 3478 3478 3478
 3480 3483 3484 3485 3485 3485 3486 3486 3486 3488
 3488 3489 3491 3491 3492 3492 3493 3495 3495 3496
 3497 3497 3498 3499 3500 3500 3501 3501 3502 3502
 3502 3503 3503 3504 3504 3504 3505 3505 3506 3507
 3508 3508 3509 3509 3510 3513 3514 3514 3516 3516
 3516 3517 3517 3517 3518 3518 3518 3519 3520 3520
 3520 3521 3521 3521 3522 3524 3524 3525 3526 3526
 3526 3527 3527 3527 3528 3528 3529 3529 3529 3530
 3530 3530 3531 3531 3531 3534 3534 3535 3535 3535
 3536 3536 3536 3537 3537 3538 3538 3539 3540 3540
 3540 3541 3541 3541 3542 3542 3543 3543 3543 3544
 3544 3545 3545 3545 3546 3546 3547 3547 3548 3548
 3549 3549 3549 3550 3552 3552 3552 3553 3553 3554
 3555 3555 3557 3557 3558 3559 3559 3559 3560 3560
 3560 3562 3562 3563 3563 3563 3564 3564 3566 3567
 3568 3568 3571 3571 3572 3572 3572 3574 3574 3576
 3576 3577 3577 3577 3579 3580 3580 3580 3581 3581
 3581 3582 3584 3585 3585 3586 3586 3586 3587 3587
 3587 3588 3588 3591 3591 3591 3592 3592 3592 3593
 3593 3594 3597 3597 3598 3598 3598 3599 3600 3601
 3602 3602 3603 3603 3603 3604 3604 3605 3605 3606
 3606 3608 3609 3610 3610 3612 3612 3614 3614 3614
 3615 3615 3615 3616 3616 3617 3617 3617 3618 3618
 3618 3619 3620 3621 3622 3622 3623 3623 3623 3624
 3624 3624 3625 3625 3626 3627 3627 3629 3630 3630
 3630 3631 3631 3635 3636 3636 3637 3637 3637 3640
 3640 3641 3641 3641 3642 3642 3643 3645 3645 3645
 3646 3646 3646 3647 3647 3647 3648 3648 3648 3650
 3651 3652 3654 3655 3656 3656 3657 3657 3658 3659
 3660 3660 3661 3661 3663 3664 3667 3667 3667 3668
 3668 3668 3669 3669 3669 3670 3670 3670 3671 3673
 3673 3673 3674 3675 3675 3675 3676 3676 3676 3677
 3677 3677 3678 3679 3681 3681 3681 3682 3682 3683
 3683 3684 3684 3685 3685 3686 3686 3689 3690 3693
 3693 3693 3694 3694 3694 3695 3695 3697 3698 3698
 3698 3699 3699 3699 3702 3702 3702 3703 3704 3704
 3705 3707 3707 3708 3708 3708 3709 3709 3709 3711
 3712 3712 3713 3713 3715 3716 3716 3716 3717 3717
 3717 3721 3722 3723 3723 3723 3726 3726 3727 3727
 3728 3728 3729 3729 3730 3730 3731 3731 3734 3735
 3736 3737 3737 3738 3738 3740 3741 3742 3742 3743
 3743 3743 3744 3744 3744 3745 3745 3746 3746 3747
 3749 3749 3750 3750 3751 3751 3751 3752 3752 3754
 3754 3754 3755 3755 3755 3756 3756 3757 3757 3757
 3758 3759 3759 3759 3760 3760 3760 3761 3761 3763
 3763 3764 3764 3764 3765 3765 3765 3767 3768 3768
 3769 3769 3770 3772 3772 3773 3773 3773 3774 3775
 3775 3776 3776 3778 3778 3779 3779 3779 3780 3781
 3782 3782 3782 3783 3783 3783 3784 3784 3785 3785
 3787 3788 3788 3788 3789 3789 3789 3791 3794 3795
 3795 3798 3798 3798 3799 3799 3800 3800 3800 3801
 3801 3801 3802 3802 3803 3804 3806 3806 3807 3807
 3807 3810 3810 3811 3811 3812 3813 3813 3814 3814
 3815 3815 3816 3816 3817 3817 3818 3818 3819 3820
 3820 3821 3821 3822 3822 3822 3825 3825 3826 3826
 3827 3827 3828 3829 3831 3832 3835 3835 3835 3838
 3838 3838 3839 3839 3840 3840 3840 3841 3841 3841
 3842 3842 3842 3843 3843 3843 3846 3847 3849 3849
 3852 3854 3854 3854 3855 3855 3855 3857 3857 3858
 3858 3858 3859 3860 3861 3861 3862 3862 3862 3863
 3863 3863 3864 3864 3866 3866 3867 3867 3868 3868
 3870 3870 3871 3872 3872 3872 3873 3873 3874 3875
 3877 3878 3879 3880 3880 3882 3883 3883 3883 3884
 3884 3884 3886 3890 3891 3892 3894 3895 3895 3895
 3896 3897 3897 3902 3902 3903 3903 3903 3904 3904
 3904 3906 3906 3907 3910 3910 3910 3911 3911 3911
 3912 3912 3913 3913 3914 3914 3916 3917 3917 3918
 3919 3919 3920 3921 3921 3922 3923 3924 3924 3924
 3925 3925 3926 3927 3928 3929 3929 3930 3930 3931
 3931 3931 3932 3932 3932 3933 3933 3933 3935 3936
 3936 3936 3937 3937 3937 3938 3938 3938 3939 3939
 3940 3941 3942 3942 3943 3943 3944 3946 3949 3949
 3949 3950 3950 3951 3952 3953 3954 3954 3955 3957
 3958 3959 3960 3960 3961 3961 3963 3963 3964 3964
 3964 3965 3965 3965 3966 3966 3966 3967 3969 3969
 3969 3970 3970 3970 3971 3971 3971 3972 3972 3972
 3974 3974 3974 3975 3975 3975 3976 3976 3976 3977
 3978 3978 3979 3979 3979 3980 3980 3981 3981 3983
 3983 3984 3985 3985 3986 3986 3987 3987 3987 3989
 3991 3992 3992 3992 3993 3994 3995 3995 3996 3996
 3997 3998 4000 4000 4000 4001 4002 4002 4003 4004
 4004 4005 4005 4005 4007 4008 4008 4008 4009 4009
 4009 4010 4010 4010 4011 4011 4013 4013 4015 4016
 4017 4018 4018 4019 4019 4019 4022 4022 4023 4023
 4023 4024 4024 4024 4025 4025 4025 4026 4026 4027
 4029 4029 4029 4030 4030 4030 4031 4031 4032 4032
 4032 4034 4034 4034 4036 4036 4036 4037 4037 4037
 4038 4039 4039 4040 4041 4041 4041 4043 4044 4044
 4045 4046 4047 4047 4048 4048 4048 4049 4049 4050
 4050 4050 4051 4051 4051 4052 4052 4052 4053 4053
 4054 4055 4055 4056 4057 4057 4058 4058 4058 4059
 4059 4059 4060 4060 4060 4061 4061 4063 4063 4064
 4064 4065 4065 4066 4066 4066 4067 4067 4067 4068
 4069 4069 4070 4073 4073 4073 4074 4074 4074 4076
 4076 4078 4081 4082 4082 4083 4084 4084 4086 4088
 4088 4089 4089 4090 4090 4092 4092 4093 4093 4094
 4095 4095 4096 4098 4098 4098 4100 4100 4100 4101
 4102 4103 4104 4104 4105 4107 4107 4108 4108 4109
 4110 4110 4111 4111 4112 4113 4113 4113 4114 4114
 4114 4115 4115 4115 4116 4116 4116 4117 4117 4117
 4118 4118 4118 4120 4121 4123 4123 4123 4124 4124
 4126 4129 4129 4130 4133 4133 4134 4134 4135 4136
 4136 4137 4137 4137 4139 4140 4140 4140 4141 4141
 4141 4142 4142 4142 4143 4143 4145 4145 4148 4149
 4149 4152 4152 4153 4153 4154 4155 4155 4156 4156
 4156 4158 4158 4159 4159 4160 4161 4162 4164 4166
 4167 4168 4168 4168 4169 4169 4171 4171 4171 4172
 4172 4173 4173 4174 4174 4174 4175 4176 4177 4178
 4179 4181 4181 4181 4182 4182 4182 4183 4183 4183
 4184 4184 4184 4187 4189 4190 4190 4191 4191 4192
 4192 4193 4193 4194 4194 4194 4195 4195 4195 4196
 4196 4196 4197 4198 4198 4199 4199 4200 4200 4200
 4201 4201 4204 4204 4204 4205 4205 4208 4209 4210
 4211 4216 4216 4216 4217 4217 4217 4218 4218 4218
 4219 4219 4219 4220 4222 4222 4223 4223 4223 4225
 4226 4227 4227 4227 4228 4228 4229 4229 4230 4230
 4231 4231 4231 4232 4232 4233 4233 4233 4234 4234
 4235 4235 4235 4237 4237 4239 4239 4239 4242 4242
 4242 4243 4243 4243 4244 4244 4244 4246 4247 4247
 4247 4248 4248 4249 4249 4249 4250 4250 4250 4251
 4251 4253 4254 4255 4255 4256 4258 4259 4259 4260
 4261 4261 4262 4262 4263 4265 4266 4267 4267 4268
 4268 4269 4269 4269 4270 4270 4271 4271 4272 4272
 4272 4273 4273 4273 4274 4275 4276 4276 4277 4277
 4278 4278 4278 4279 4279 4280 4280 4280 4281 4282
 4283 4285 4289 4290 4291 4292 4293 4294 4294 4295
 4295 4297 4297 4297 4298 4298 4298 4303 4303 4303
 4304 4304 4305 4305 4305 4306 4306 4306 4307 4307
 4309 4309 4310 4310 4311 4311 4311 4313 4314 4314
 4314 4315 4315 4315 4317 4318 4320 4320 4321 4321
 4321 4322 4322 4322 4323 4323 4323 4324 4325 4326
 4326 4326 4327 4327 4328 4328 4329 4330 4331 4331
 4333 4334 4335 4335 4335 4336 4336 4338 4339 4339
 4340 4340 4340 4341 4341 4343 4344 4344 4345 4346
 4346 4347 4347 4347 4348 4348 4349 4349 4349 4350
 4351 4351 4352 4353 4353 4354 4354 4355 4356 4356
 4356 4357 4358 4358 4360 4361 4362 4362 4362 4363
 4363 4364 4364 4365 4367 4369 4372 4372 4372 4373
 4373 4373 4374 4374 4374 4375 4375 4375 4376 4376
 4376 4377 4377 4377 4379 4381 4382 4385 4385 4385
 4386 4386 4386 4387 4387 4387 4388 4388 4388 4394
 4394 4396 4396 4396 4397 4397 4397 4398 4399 4400
 4400 4400 4401 4401 4401 4402 4403 4403 4404 4406
 4406 4407 4407 4408 4408 4408 4409 4409 4409 4410
 4412 4412 4412 4413 4413 4413 4414 4414 4414 4415
 4415 4416 4416 4416 4417 4418 4419 4419 4419 4420
 4421 4421 4421 4422 4422 4422 4423 4423 4425 4425
 4426 4426 4426 4427 4427 4428 4429 4429 4430 4432
 4432 4433 4433 4433 4434 4434 4435 4435 4436 4436
 4436 4440 4440 4441 4441 4441 4442 4442 4442 4443
 4443 4443 4444 4444 4444 4445 4445 4446 4446 4447
 4447 4448 4448 4449 4449 4450 4450 4451 4451 4452
 4454 4454 4457 4458 4459 4460 4461 4462 4462 4463
 4463 4464 4464 4464 4465 4466 4469 4469 4469 4470
 4470 4470 4472 4477 4477 4478 4478 4479 4479 4480
 4480 4481 4481 4481 4483 4484 4484 4486 4487 4487
 4487 4488 4488 4489 4490 4490 4491 4491 4491 4492
 4492 4494 4495 4496 4497 4498 4499 4499 4499 4500
 4500 4502 4503 4503 4503 4506 4506 4507 4508 4508
 4508 4509 4509 4509 4510 4510 4510 4511 4511 4511
 4512 4512 4513 4515 4515 4515 4516 4516 4516 4517
 4517 4517 4518 4518 4520 4521 4522 4522 4523 4524
 4524 4525 4525 4528 4528 4528 4529 4529 4529 4530
 4530 4531 4532 4532 4532 4533 4537 4540 4542 4542
 4543 4544 4544 4545 4546 4547 4548 4548 4548 4549
 4549 4550 4550 4550 4551 4551 4551 4552 4552 4554
 4555 4556 4556 4557 4560 4561 4561 4561 4562 4562
 4563 4563 4564 4564 4565 4565 4565 4566 4567 4567
 4567 4568 4569 4569 4569 4570 4570 4571 4573 4573
 4574 4574 4576 4576 4576 4578 4578 4581 4581 4581
 4582 4582 4584 4585 4585 4586 4586 4587 4588 4588
 4589 4589 4590 4590 4590 4593 4594 4595 4595 4595
 4597 4597 4597 4598 4598 4598 4599 4599 4599 4600
 4600 4600 4602 4602 4603 4603 4603 4604 4604 4604
 4605 4605 4605 4606 4606 4606 4607 4608 4608 4608
 4612 4612 4613 4613 4614 4614 4614 4615 4617 4618
 4618 4618 4619 4619 4619 4620 4621 4623 4623 4624
 4624 4624 4625 4625 4625 4626 4626 4626 4627 4627
 4627 4628 4628 4630 4631 4631 4632 4632 4633 4633
 4633 4634 4634 4634 4635 4635 4635 4636 4636 4636
 4637 4640 4640 4640 4641 4641 4641 4642 4642 4642
 4643 4643 4644 4644 4645 4645 4645 4646 4647 4647
 4648 4648 4648 4649 4649 4649 4651 4652 4652 4652
 4653 4653 4654 4654 4654 4655 4655 4656 4656 4656
 4657 4657 4657 4658 4658 4658 4659 4659 4659 4660
 4660 4660 4661 4664 4664 4665 4665 4666 4666 4667
 4667 4667 4668 4668 4668 4669 4671 4673 4673 4673
 4674 4674 4674 4675 4675 4676 4676 4676 4678 4678
 4678 4679 4679 4680 4680 4681 4682 4683 4683 4684
 4684 4685 4685 4685 4686 4686 4686 4687 4688 4688
 4688 4689 4690 4690 4690 4691 4691 4692 4692 4693
 4694 4695 4695 4696 4696 4697 4697 4698 4699 4699
 4699 4701 4702 4702 4703 4704 4704 4705 4705 4705
 4706 4709 4709 4710 4710 4710 4711 4711 4711 4712
 4715 4715 4716 4716 4717 4717 4717 4718 4718 4719
 4719 4719 4722 4722 4724 4725 4726 4726 4726 4727
 4727 4728 4728 4728 4729 4729 4730 4731 4731 4732
 4732 4733 4733 4733 4734 4734 4734 4735 4736 4736
 4738 4738 4741 4741 4741 4742 4742 4742 4745 4745
 4746 4746 4746 4747 4747 4747 4748 4748 4748 4749
 4749 4749 4750 4750 4750 4751 4752 4753 4754 4756
 4756 4756 4757 4758 4758 4759 4760 4760 4760 4761
 4762 4762 4764 4764 4764 4765 4765 4766 4766 4766
 4767 4768 4768 4769 4769 4769 4770 4770 4771 4771
 4772 4772 4772 4773 4773 4773 4774 4774 4774 4775
 4775 4775 4776 4776 4777 4777 4777 4778 4778 4778
 4779 4779 4779 4780 4780 4780 4781 4781 4782 4782
 4783 4783 4783 4784 4784 4784 4786 4786 4786 4787
 4787 4787 4788 4788 4788 4789 4789 4791 4791 4791
 4792 4792 4792 4793 4793 4794 4794 4795 4796 4796
 4796 4797 4797 4799 4800 4800 4800 4801 4802 4802
 4802 4803 4803 4804 4804 4805 4805 4806 4806 4806
 4807 4807 4807 4808 4809 4809 4810 4810 4811 4811
 4812 4812 4813 4813 4814 4815 4816 4816 4816 4817
 4817 4817 4818 4820 4822 4822 4822 4823 4823 4823
 4824 4826 4827 4827 4827 4828 4828 4828 4830 4831
 4832 4833 4833 4833 4834 4834 4835 4835 4835 4836
 4836 4837 4837 4838 4838 4839 4840 4840 4840 4841
 4842 4842 4843 4843 4844 4844 4844 4845 4845 4845
 4846 4846 4846 4847 4847 4847 4848 4848 4849 4850
 4850 4850 4851 4851 4851 4852 4853 4854 4854 4855
 4855 4856 4856 4857 4857 4857 4858 4858 4858 4859
 4859 4859 4861 4864 4864 4864 4865 4865 4866 4866
 4866 4867 4867 4867 4868 4868 4868 4869 4869 4869
 4870 4870 4870 4871 4871 4872 4873 4873 4874 4874
 4875 4876 4877 4878 4878 4880 4881 4881 4882 4882
 4883 4883 4884 4884 4885 4885 4885 4886 4886 4886
 4887 4887 4891 4891 4891 4892 4892 4892 4894 4896
 4896 4900 4902 4905 4905 4906 4906 4906 4907 4908
 4909 4909 4910 4911 4911 4911 4912 4912 4917 4917
 4917 4918 4918 4918 4921 4922 4922 4923 4923 4924
 4925 4929 4931 4931 4932 4932 4932 4936 4937 4939
 4942 4943 4943 4945 4947 4949 4951 4952 4952 4952
 4953 4953 4953 4954 4955 4957 4957 4957 4958 4958
 4958 4960 4961 4967 4967 4968 4969 4971 4971 4972
 4972 4972 4973 4973 4973 4975 4976 4976 4977 4978
 4979 4980 4980 4980 4981 4981 4982 4983 4983 4984
 4985 4986 4987 4989 4989 4990 4990 4990 4991 4991
 4991 4992 4993 4993 4998 4999 4999 5000 5001 5001
 5001 5002 5003 5003 5003 5005 5005 5007 5008 5008
 5008 5009 5012 5012 5012 5013 5013 5013 5014 5014
 5016 5016 5017 5017 5018 5018 5019 5021 5021 5022
 5022 5022 5023 5023 5023 5024 5024 5024 5025 5025
 5026 5026 5027 5027 5028 5028 5028 5029 5029 5029
 5030 5030 5031 5031 5032 5032 5033 5033 5033 5034
 5034 5036 5036 5037 5037 5037 5038 5038 5039 5040
 5041 5041 5041 5042 5042 5042 5043 5044 5044 5045
 5045 5046 5047 5047 5047 5048 5049 5049 5050 5051
 5051 5052 5052 5053 5054 5055 5056 5057 5058 5058
 5058 5059 5059 5060 5060 5061 5061 5061 5062 5062
 5062 5063 5063 5063 5064 5065 5066 5066 5066 5067
 5067 5067 5068 5068 5068 5069 5070 5071 5071 5071
 5072 5072 5075 5076 5076 5076 5077 5077 5077 5078
 5078 5078 5079 5079 5079 5080 5080 5081 5082 5082
 5084 5084 5085 5086 5087 5088 5088 5088 5089 5089
 5089 5090 5090 5090 5092 5092 5092 5093 5093 5093
 5094 5094 5094 5095 5095 5096 5096 5097 5097 5097
 5098 5098 5099 5099 5099 5100 5100 5101 5101 5101
 5102 5103 5103 5103 5104 5104 5105 5105 5106 5106
 5107 5107 5108 5108 5109 5109 5110 5111 5111 5111
 5112 5112 5112 5113 5113 5113 5114 5114 5115 5115
 5116 5116 5116 5117 5117 5117 5118 5118 5118 5119
 5119 5119 5120 5120 5120 5122 5122 5123 5124 5125
 5125 5125 5126 5126 5126 5127 5128 5128 5129 5129
 5129 5130 5130 5130 5131 5131 5131 5132 5132 5132
 5133 5133 5134 5134 5135 5135 5135 5136 5136 5136
 5137 5137 5138 5138 5139 5139 5139 5140 5140 5141
 5142 5142 5143 5143 5143 5144 5144 5144 5145 5145
 5146 5146 5146 5147 5148 5148 5148 5149 5150 5150
 5151 5151 5152 5152 5152 5153 5153 5154 5154 5155
 5155 5155 5156 5156 5156 5157 5157 5157 5158 5158
 5158 5159 5159 5159 5160 5160 5161 5161 5162 5162
 5163 5163 5163 5164 5164 5164 5165 5165 5165 5166
 5166 5166 5167 5167 5167 5170 5170 5171 5171 5171
 5173 5173 5173 5174 5175 5175 5176 5176 5176 5177
 5177 5177 5178 5178 5178 5179 5179 5179 5180 5180
 5180 5181 5181 5182 5182 5182 5183 5183 5184 5184
 5184 5185 5185 5186 5186 5186 5187 5188 5188 5189
 5189 5190 5191 5191 5193 5193 5194 5194 5195 5195
 5195 5196 5196 5196 5197 5198 5198 5198 5199 5199
 5199 5200 5200 5200 5201 5201 5202 5202 5202 5203
 5203 5204 5204 5204 5205 5205 5205 5206 5206 5206
 5207 5207 5208 5208 5208 5209 5209 5209 5210 5210
 5210 5211 5211 5211 5212 5212 5212 5213 5213 5213
 5214 5214 5214 5215 5215 5215 5216 5216 5216 5217
 5217 5217 5219 5219 5220 5221 5221 5222 5224 5224
 5224 5225 5225 5226 5226 5227 5227 5228 5228 5228
 5229 5229 5230 5230 5230 5231 5231 5231 5232 5232
 5233 5234 5234 5235 5235 5235 5236 5236 5236 5237
 5237 5237 5238 5238 5238 5239 5239 5239 5240 5240
 5240 5241 5241 5241 5242 5242 5242 5243 5243 5243
 5244 5244 5244 5245 5245 5245 5246 5246 5246 5247
 5247 5247 5248 5248 5248 5249 5249 5249 5250 5250
 5250 5251 5251 5251 5252 5252 5252 5253 5253 5254
 5254 5254 5255 5256 5256 5257 5257 5257 5258 5258
 5259 5260 5260 5261 5261 5261 5262 5262 5262 5263
 5263 5263 5264 5264 5264 5265 5265 5265 5266 5266
 5266 5267 5267 5267 5268 5268 5269 5269 5269 5270
 5270 5271 5271 5271 5272 5272 5273 5273 5274 5274
 5275 5275 5275 5276 5276 5276 5277 5277 5277 5278
 5278 5279 5279 5279 5280 5280 5281 5281 5281 5282
 5282 5282 5283 5283 5283 5284 5284 5285 5285 5286
 5286 5286 5287 5287 5287 5288 5288 5289 5289 5290
 5290 5290 5291 5291 5292 5292 5293 5293 5293 5294
 5294 5295 5295 5295 5296 5296 5296 5297 5297 5298
 5298 5298 5299 5299 5299 5300 5300 5300 5301 5302
 5303 5303 5303 5304 5304 5305 5305 5305 5306 5307
 5307 5308 5309 5309 5309 5310 5310 5311 5311 5311
 5312 5312 5312 5313 5313 5313 5314 5315 5315 5316
 5316 5317 5317 5318 5318 5318 5319 5319 5319 5320
 5320 5320 5321 5321 5321 5322 5323 5324 5324 5324
 5325 5325 5325 5326 5327 5327 5328 5328 5328 5329
 5329 5330 5330 5331 5331 5332 5332 5332 5333 5334
 5334 5335 5335 5335 5336 5336 5337 5337 5338 5339
 5340 5341 5342 5343 5343 5343 5344 5344 5344 5345
 5346 5346 5346 5347 5347 5347 5348 5349 5349 5349
 5350 5350 5351 5353 5354 5355 5355 5356 5356 5357
 5358 5358 5361 5361 5362 5362 5362 5363 5363 5363
 5364 5364 5364 5365 5365 5366 5367 5368 5368 5368
 5370 5370 5371 5371 5372 5372 5373 5373 5374 5374
 5374 5375 5375 5376 5376 5376 5377 5377 5377 5378
 5378 5378 5379 5379 5379 5380 5380 5380 5381 5382
 5382 5382 5383 5383 5385 5385 5385 5386 5386 5387
 5387 5387 5388 5388 5388 5389 5389 5390 5390 5390
 5391 5391 5391 5392 5392 5392 5393 5393 5394 5394
 5395 5395 5395 5396 5396 5396 5397 5397 5397 5398
 5398 5399 5399 5400 5401 5401 5401 5402 5402 5402
 5403 5403 5404 5404 5405 5405 5405 5406 5406 5408
 5408 5409 5409 5409 5410 5410 5410 5411 5411 5412
 5412 5412 5413 5413 5414 5414 5415 5415 5415 5416
 5416 5416 5417 5417 5418 5418 5419 5419 5419 5420
 5421 5421 5421 5422 5422 5422 5423 5423 5424 5424
 5424 5425 5425 5426 5426 5426 5427 5427 5427 5428
 5429 5429 5429 5430 5430 5430 5431 5432 5432 5432
 5433 5433 5433 5434 5434 5434 5435 5435 5435 5436
 5436 5437 5437 5438 5438 5438 5439 5439 5439 5440
 5440 5440 5441 5441 5441 5442 5442 5442 5443 5444
 5444 5444 5445 5445 5445 5446 5446 5447 5447 5447
 5448 5448 5449 5449 5449 5450 5450 5450 5451 5451
 5451 5452 5452 5452 5453 5453 5453 5454 5455 5455
 5455 5456 5456 5456 5457 5457 5457 5458 5458 5458
 5459 5459 5459 5460 5460 5460 5461 5461 5461 5462
 5462 5462 5463 5463 5463 5464 5464 5464 5465 5465
 5466 5466 5467 5467 5467 5468 5468 5468 5469 5469
 5469 5470 5470 5470 5471 5471 5471 5472 5472 5472
 5473 5473 5474 5474 5474 5475 5475 5475 5476 5476
 5476 5477 5477 5477 5478 5478 5478 5479 5479 5479
 5480 5480 5480 5481 5481 5481 5482 5482 5482 5483
 5483 5483 5484 5484 5484 5485 5485 5485 5486 5486
 5486 5487 5487 5488 5488 5488 5489 5489 5489 5490
 5490 5490 5491 5491 5491 5492 5492 5492 5493 5493
 5493 5494 5494 5494 5495 5495 5495 5496 5496 5496
 5497 5497 5497 5498 5498 5498 5499 5499 5499 5500
 5500 5500 5501 5501 5501 5502 5502 5502 5503 5503
 5503 5504 5504 5504 5505 5505 5505 5506 5506 5507
 5507 5507 5508 5508 5508 5509 5509 5509 5510 5510
 5510 5511 5511 5511 5512 5512 5512 5513 5513 5513
 5514 5514 5514 5515 5515 5515 5516 5516 5516 5517
 5517 5517 5518 5518 5518 5519 5519 5519 5520 5520
 5520 5521 5521 5521 5522 5522 5522 5523 5523 5523
 5524 5524 5524 5525 5525 5526 5526 5526 5527 5527
 5527 5528 5528 5528 5529 5529 5529 5530 5530 5530
 5531 5531 5531 5532 5532 5532 5533 5533 5533 5534
 5534 5534 5535 5535 5535 5536 5536 5536 5537 5537
 5537 5538 5538 5538 5539 5539 5539 5540 5540 5540
 5541 5541 5541 5542 5542 5542 5543 5543 5543 5544
 5544 5544 5545 5545 5545 5546 5547 5548 5548 5548
 5550 5550 5551 5551 5552 5552 5552 5554 5554 5555
 5555 5556 5556 5557 5557 5557 5558 5559 5560 5561
 5562 5563 5563 5563 5564 5565 5565 5566 5567 5567
 5568 5569 5569 5569 5570 5570 5571 5572 5572 5572
 5573 5573 5573 5574 5575 5578 5578 5579 5579 5580
 5580 5580 5581 5581 5581 5582 5583 5583 5584 5586
 5586 5586 5587 5587 5588 5588 5588 5590 5591 5592
 5593 5593 5594 5594 5595 5595 5595 5596 5596 5596
 5597 5597 5597 5598 5598 5598 5599 5599 5599 5600
 5600 5601 5601 5601 5602 5602 5603 5603 5604 5604
 5605 5605 5606 5606 5606 5607 5607 5607 5608 5608
 5608 5609 5609 5609 5610 5610 5610 5611 5611 5611
 5612 5612 5612 5613 5613 5614 5614 5614 5615 5615
 5615 5616 5616 5616 5617 5617 5618 5619 5619 5620
 5620 5621 5621 5621 5622 5622 5622 5623 5623 5623
 5625 5625 5626 5627 5627 5627 5628 5628 5628 5629
 5629 5631 5631 5631 5632 5632 5632 5633 5633 5633
 5634 5634 5635 5635 5635 5636 5636 5636 5637 5637
 5637 5638 5639 5639 5640 5640 5640 5641 5641 5641
 5642 5642 5642 5643 5643 5643 5644 5644 5644 5645
 5645 5645 5646 5646 5646 5647 5647 5647 5648 5648
 5649 5649 5649 5650 5650 5650 5651 5651 5651 5652
 5652 5653 5653 5654 5655 5655 5655 5656 5657 5657
 5657 5658 5658 5658 5659 5659 5659 5660 5660 5660
 5661 5661 5661 5662 5662 5662 5663 5664 5664 5664
 5665 5665 5666 5666 5666 5667 5667 5668 5668 5668
 5669 5670 5671 5671 5672 5672 5672 5673 5673 5674
 5674 5674 5675 5675 5675 5676 5676 5676 5677 5677
 5677 5678 5678 5678 5679 5680 5680 5680 5681 5681
 5682 5682 5682 5683 5683 5683 5684 5684 5684 5685
 5685 5686 5686 5686 5687 5687 5687 5688 5688 5688
 5689 5689 5689 5690 5690 5691 5691 5691 5692 5692
 5692 5693 5693 5693 5694 5694 5694 5695 5695 5695
 5696 5696 5696 5697 5698 5698 5698 5699 5699 5699
 5700 5700 5701 5701 5702 5702 5702 5703 5703 5703
 5704 5704 5704 5705 5705 5705 5706 5706 5706 5707
 5707 5707 5708 5708 5708 5709 5709 5710 5710 5710
 5711 5711 5711 5712 5712 5712 5713 5713 5713 5714
 5714 5715 5715 5715 5716 5716 5717 5717 5717 5718
 5718 5719 5719 5719 5720 5720 5721 5721 5721 5722
 5722 5722 5723 5723 5723 5724 5724 5724 5725 5725
 5725 5726 5726 5726 5727 5727 5727 5728 5728 5728
 5729 5729 5729 5730 5730 5730 5731 5731 5731 5732
 5732 5732 5733 5733 5733 5734 5734 5734 5735 5735
 5736 5736 5736 5737 5737 5737 5738 5738 5738 5739
 5739 5739 5740 5740 5740 5741 5741 5741 5742 5742
 5742 5743 5743 5743 5744 5744 5744 5745 5745 5746
 5746 5746 5747 5747 5748 5748 5748 5749 5749 5749
 5750 5751 5751 5752 5752 5752 5753 5754 5754 5754
 5755 5755 5755 5756 5756 5756 5757 5757 5757 5758
 5758 5758 5759 5759 5759 5760 5760 5761 5761 5761
 5762 5762 5762 5763 5763 5763 5764 5764 5764 5765
 5765 5765 5766 5766 5766 5767 5767 5767 5768 5768
 5768 5769 5769 5769 5770 5770 5770 5771 5771 5771
 5772 5772 5772 5773 5773 5774 5774 5774 5775 5775
 5775 5776 5776 5776 5777 5777 5777 5778 5778 5778
 5779 5779 5779 5780 5780 5780 5781 5781 5781 5782
 5782 5782 5783 5783 5783 5784 5784
)
